11179
12378
3656
64
8231
11076
12889
14477
9795
1806
3725
7852
1952
7937
6628
10948
12137
12535
2721
5916
11492
1270
8812
15292
2460
11563
14638
2091
7794
8782
2004
1779
1632
14580
10045
84
7263
12311
15592
11474
717
4382
39
14944
9628
6911
2757
4462
2993
15690
13220
15037
5991
15451
10216
1238
1377
1637
4868
5644
5046
14934
3417
8468
14742
12807
3041
12386
9966
10143
621
9723
4921
15600
6269
10610
12376
15160
12117
9374
12433
2447
9955
902
1409
7202
7354
7567
3003
11273
2908
13151
9580
5941
14685
12204
586
12343
12099
2192
5912
5714
2020
6560
3051
3856
3073
46
3865
12321
10124
10758
12915
612
11328
13944
2084
11341
3410
3677
12507
8366
8123
14922
2151
3680
601
10903
15539
106
6462
15437
12771
6983
15742
7539
1448
14405
620
7063
2474
8368
2046
15044
10081
6854
14526
14465
2396
10961
15063
10338
4369
9855
9755
14827
12253
10921
3238
3879
4638
7313
7725
2136
8906
13799
10377
5345
12879
5594
6672
8819
5681
3648
11342
9707
270
8275
7395
1287
10862
11668
5006
2892
13189
10534
5682
8664
7103
3576
15332
12156
12362
9090
249
2674
2515
7570
7237
9965
53
12789
12991
1105
7059
149
12623
4949
815
2031
12651
15986
8226
8712
10406
13787
6832
14734
3485
7338
472
9372
12178
7020
8750
10167
9257
12392
5799
15353
2832
4221
7455
5438
5033
6648
11400
8261
3890
5246
14012
873
14401
9113
6000
11510
1885
2582
5679
173
9786
5007
7013
7910
14978
3624
4784
10078
1569
11889
15924
1422
10437
9639
4412
8863
3281
3768
14508
8599
10164
9608
11975
1894
1355
8845
15754
4543
8655
7448
4415
10768
10115
9858
13682
9890
15812
13390
243
10147
12540
10682
6780
7957
7002
14773
3938
3459
15409
2895
15391
8034
10959
6750
6164
4469
14052
8938
9712
139
5023
13751
6636
7245
4611
4200
15711
6664
11624
11481
9607
14241
8195
4015
14728
8792
8579
5361
9475
9655
3436
6204
6975
15396
1868
12554
4987
5218
15641
9250
5067
846
1870
2144
11184
7128
2294
6771
7996
1061
495
7676
878
9394
7715
10750
4557
8438
10958
12992
10725
10697
1930
3137
10922
4325
13505
5861
13353
9203
3797
13458
11794
1599
10161
11579
14926
1293
15293
5160
6935
3025
6079
3000
9314
11972
6366
12933
11825
11276
9908
15644
239
14805
6010
15366
12649
8642
15697
6348
15687
14418
7076
1208
1799
1421
11361
899
5419
12822
12075
8490
9781
3149
886
12870
15443
2427
12350
898
2689
13334
8285
4631
13404
14777
3900
15790
14548
3597
7515
7624
3889
2114
1204
5248
5120
8985
5520
2505
10224
7222
14176
12349
734
12551
3918
14485
14073
15203
15571
12115
865
1313
1982
4791
7285
2333
8940
10423
13864
848
4011
3552
6396
3294
6768
14025
3514
4522
3679
8199
4309
2094
1472
8713
6504
2083
10245
613
5237
9766
615
3600
5560
8697
13347
9796
14014
11441
14190
8127
13362
5870
9561
10893
10881
9996
9892
3614
11600
395
9439
4421
11138
10108
813
3873
13697
7249
8886
13908
12139
3420
4758
2265
13781
262
12962
812
5304
8904
6343
2464
5462
1196
5568
8419
2580
10390
7060
11845
11376
6329
11789
13836
6634
10277
13891
5025
12715
4573
4726
938
655
13540
10714
13998
13436
10677
5503
4659
8430
7621
3829
11705
14188
4939
10031
13530
13675
6124
8379
10430
14290
8908
1886
8640
14249
4815
5721
3226
7634
15671
14352
6921
12598
2040
4601
4450
10205
8286
15968
15001
14963
4297
6443
2154
2760
6226
7575
1859
3646
385
1967
10275
7923
13163
7190
2142
8923
2893
6502
4187
7440
8921
1171
11947
7188
5509
1103
13054
4470
15940
13370
7675
4045
3272
9489
13005
5750
2612
5558
13741
1374
6357
6125
4540
2881
11452
13810
12907
11888
10209
9970
14669
10498
8852
4254
11066
9705
9255
15976
11811
4749
8121
11192
13388
11267
4130
3031
12482
3109
6766
8517
6761
3337
7503
3361
2998
11557
3403
15858
9404
2240
15162
15860
8174
1829
15283
4735
13154
12351
11657
2976
291
7407
8818
11805
15230
13497
1397
15530
10886
15128
83
1834
13401
5507
13153
3048
6221
3058
365
542
7518
10974
5495
6298
6926
8556
10520
13581
13588
6987
1340
746
10665
10365
1371
8
246
3763
5909
10500
13853
4710
8348
7003
10951
4858
11274
10851
12966
6234
11540
10915
7120
11829
8743
638
1758
11314
9461
12763
15634
5005
197
14260
15045
13749
8215
14572
4919
2259
367
4895
12752
9464
15551
4841
2073
9517
14403
15865
6939
6742
10645
3749
2384
4281
15943
1143
372
7056
2405
14310
8521
889
2267
10135
2833
14013
8910
9794
12667
4087
4222
10105
1966
7795
13181
3841
11692
2684
7456
7014
1149
1873
10393
13355
6021
13107
4348
13840
7115
15668
13426
3957
4270
1552
891
2633
3393
8822
10831
6796
3498
992
3016
15169
2373
7495
7073
7604
5482
11669
10799
9032
4283
968
2349
6537
7266
14090
14205
12749
6104
9618
13722
3019
7528
14714
11521
8591
1369
9470
8483
11551
6047
8399
6523
12088
11950
15129
2109
3796
13953
10098
1298
4746
135
14262
5832
10878
8658
13794
3127
2284
12382
4685
5365
10526
8977
2492
1653
7708
6501
14873
6752
2602
8526
13569
8117
15941
4230
8791
15727
1639
10208
580
9327
4143
12696
2935
7828
9576
7453
14813
1825
1567
12268
14945
5527
713
1339
12155
11352
5550
3066
3057
8837
13357
11069
13067
13954
8576
3184
7328
13584
4004
8359
8957
7659
7697
1601
6978
2252
7738
15903
10578
10705
7793
12570
6195
10798
13635
13079
10772
622
13964
6835
5087
10177
13056
6202
8211
12775
15771
3762
5996
6098
14609
7499
9902
7015
7406
4833
10739
5921
5865
3683
10044
7985
1172
9922
11385
1757
11485
13830
3786
12197
12757
7379
6023
5913
14496
13857
753
5232
8140
3359
2041
6004
2462
4189
5544
1702
5724
15925
6617
8955
5561
5119
12735
6815
893
7088
5354
104
455
9680
6040
12595
6839
10942
8777
6564
4484
8709
12191
5860
15555
1380
497
10149
5893
14568
4517
7342
7336
5287
5522
13455
4461
8290
15105
2946
10860
8518
8161
3632
13250
13700
7855
4780
11299
11516
10332
13701
14463
8345
1033
15489
25
2545
2717
4315
11106
389
6292
10383
15517
4605
5623
6736
9964
3061
6061
793
8896
6340
297
6263
1299
11157
6717
12475
1890
5397
2353
14321
2920
10375
144
2750
13394
5862
9780
15425
2768
8871
9642
3120
5414
13560
4357
7196
10420
14482
14790
10289
5125
5186
13101
6741
10742
12486
3809
8683
5700
1512
11583
12000
5453
14413
12044
2889
11370
15405
15677
14326
5300
11404
9000
3568
3596
11602
6855
3881
4216
12421
10797
115
9852
5121
9421
14882
4293
6873
3187
765
12895
12047
15581
9478
9469
520
8132
15689
2814
9313
14004
7647
9333
626
9417
4371
2313
11408
2286
8474
10181
10550
14574
560
14151
6762
4686
13033
7559
7581
8272
357
1060
2527
15376
1226
4370
10433
11395
5427
1467
658
690
6544
7259
8485
3126
15506
11188
11610
9346
15971
10748
1233
7976
12618
6361
6252
4050
8888
15394
9865
5931
5362
13102
9799
147
12897
2767
8317
1908
7240
3283
6377
4027
10973
5270
14196
8925
3911
8297
13441
5863
4288
8201
1212
8891
12887
4732
10953
14042
284
8727
8057
4126
9131
3870
5733
4047
15619
2424
13214
14376
5028
12322
5319
12016
4531
13662
10971
143
10726
281
8744
15685
6480
5718
12648
8376
151
14966
9798
15023
14487
549
14760
1511
809
15936
3578
11417
3423
9092
12519
4630
13011
71
5533
7854
10844
15969
7577
7882
7842
12454
6077
6455
15682
10805
10910
4260
4229
669
14581
8180
11670
13717
8980
3581
469
14328
11458
3950
9207
14615
7886
15233
1659
9828
1120
15054
8189
5987
8924
2948
15338
14500
2155
4713
14807
2951
7234
13683
8912
14417
6813
6653
13820
6627
15817
672
11019
4224
1986
13340
9972
9118
4763
15335
7527
8604
11916
3800
12361
5487
13653
6725
7875
4980
4606
953
13733
5925
12768
1199
10872
12616
541
8026
4147
9355
14437
1232
7365
6214
14560
12917
12384
6649
6117
884
12064
14473
10012
10126
3075
10933
6191
10695
7284
12336
3861
15518
1071
14858
6237
13345
9603
4202
14458
15733
7125
15897
7168
1045
5963
6181
14750
15402
2891
11269
11302
11265
7095
8882
14160
10698
8679
6449
13174
3526
6408
1820
6194
10591
1210
9653
3675
7023
15096
423
3532
2232
8566
15373
13868
10521
5122
13759
10783
8138
5059
13829
1037
9677
7046
12562
5170
10889
11946
15673
3010
4816
12144
13648
882
1003
3241
494
15411
5986
7573
15224
4249
3237
13259
11034
7790
12804
15557
7333
76
14535
6621
12642
6940
13852
14256
9600
13262
8002
10300
13319
5816
12021
2849
5734
12958
5828
14514
3877
12959
2610
6078
11596
9643
7763
15757
13281
10099
2865
3449
3689
7620
728
3591
12937
379
14800
12963
13872
2152
5586
12559
7183
11641
13148
14924
2755
9869
2537
14364
4291
10199
13129
11032
7818
15270
3732
524
9592
9224
9665
12195
7707
10907
4825
5423
754
7148
15147
1468
1022
564
10166
3917
1248
4650
9912
13383
6814
1529
165
2697
14348
10856
14221
13201
119
12981
11140
13134
10114
4477
4820
272
10741
13859
4108
2069
11375
15578
6601
1285
15706
3104
4401
13513
9312
5193
5325
5535
13521
300
13567
551
11193
5612
4568
5804
12305
10067
4096
4954
5980
7225
2463
5209
14914
6724
13037
14051
6026
334
13822
5620
3298
15336
15410
13706
5313
4755
6328
13835
2097
5424
10692
454
13082
4576
14377
3610
6990
8442
12928
9938
4035
15772
15958
12218
6568
1311
6538
4524
9143
11984
12693
2965
9793
9054
10079
12006
7736
8244
4578
6090
11840
7335
8227
11965
2765
7628
910
11656
6598
231
15806
470
2146
8857
4814
6825
10329
2422
2187
7999
5458
13934
2115
6153
12662
15665
11823
12556
12116
3289
4619
14547
14765
9178
4176
2195
2785
11078
6908
15719
9361
1190
10628
8708
13024
3604
2440
9099
15279
13892
2471
15991
15420
6613
10840
7576
11145
10736
8025
2978
11978
14357
10832
6890
14359
1376
12090
11760
9389
9757
8126
583
8308
3201
7860
12759
9293
6711
13782
2277
1324
1817
3439
7812
957
10892
14835
14589
3416
8848
10631
4304
12462
10090
2174
8133
12565
13968
2503
11813
8073
6555
9688
1813
5327
13904
15876
10213
3375
3077
15066
7811
10895
11890
4646
15358
6513
102
13870
12107
4172
10228
9636
14763
11864
8953
7004
397
8005
512
3878
6471
1997
14504
4349
14866
10764
7198
10517
13081
3700
13849
11365
11650
6290
15929
8952
6014
8780
10223
4350
8273
15381
3910
11308
13313
9397
12394
14297
4434
5519
4009
6609
11186
4060
12786
1043
1777
5435
1193
15698
11847
12865
14236
8445
3837
1036
5949
1351
11498
7019
12286
15460
9321
8719
9652
5587
5574
7746
7674
7276
5553
13833
11119
9408
1841
1892
12797
6494
3696
13742
464
14670
4610
109
6256
6262
10879
305
1959
13818
3573
11031
8440
223
388
9936
2553
2748
10644
273
6219
4032
14983
3312
5869
2026
5607
5875
8970
14161
11245
4823
3901
2299
5946
6503
8181
10463
14225
14518
2093
3029
13403
12780
11382
10077
4116
14363
4298
6223
3082
7401
2929
14545
5637
11457
344
10318
10912
3365
14516
8600
10064
13361
6315
7290
13920
11685
5545
11667
7658
5669
15175
11621
3267
1964
6198
1126
9664
7171
7043
6418
3874
10055
13336
1622
8693
7654
1882
15012
10632
13448
12699
3329
4922
424
1690
8956
12186
156
14182
5392
4310
9140
15122
8937
15993
15079
5906
96
8933
6917
10242
6172
5506
14037
5077
695
2249
13510
10997
11270
214
1541
4912
10428
4839
5195
10032
10693
10326
9340
6341
8900
9832
15953
15042
3101
8488
12997
10313
10441
14853
1457
8874
4362
4138
9144
8136
7714
5579
2598
10906
8103
686
2133
12785
1640
10360
11048
3413
8520
8551
9104
1502
12893
2260
411
4159
15703
7666
11980
14906
14788
12310
2518
11940
1597
4022
5334
3220
14872
9571
1438
3221
15031
7321
8533
9763
8060
8560
10372
12716
2122
15813
9073
2053
4958
6914
12033
14158
15498
11781
15791
15797
13477
5632
9153
7185
8433
12578
2753
10287
7142
2075
10219
6980
10749
9277
14497
15136
8973
12666
6511
13417
8558
14293
1241
5589
10023
5813
4831
1151
14088
13043
3396
3276
3776
10905
5907
6132
14211
10046
7661
13514
4627
6858
7525
1761
2501
14851
4033
772
914
2211
6289
10389
1314
15070
6958
1167
1497
5062
12300
15558
9784
6131
15721
4410
9301
529
4278
13906
7787
7320
3214
2343
4990
7235
11517
9035
7600
3509
4906
4068
11102
9735
12793
8447
1647
6830
1961
4503
13089
4234
8224
6663
8582
8415
12720
4549
11427
8522
8208
10857
13445
5540
7668
15881
4018
8611
6802
12695
11090
12948
12931
12777
1572
2079
6128
6300
2113
6327
11914
15059
4512
8259
826
5044
6964
10600
15553
12072
4739
3770
15686
13616
4989
3344
5110
885
6481
15805
14243
12874
14235
14149
150
5565
3208
1938
5897
4445
12605
1743
9714
7436
4863
1775
14747
3154
1514
11431
9133
5369
3183
7048
1985
6945
8473
8519
11155
15260
14486
8245
8439
15007
438
1244
14278
15667
3520
3448
174
4007
7960
1826
1290
15389
15729
7071
15412
5800
15835
6306
13228
15390
14442
4535
12814
4061
7214
176
833
8680
4599
6261
1921
1291
1600
2972
5052
9360
15663
15305
4311
2325
943
9078
4261
13314
6161
3021
691
5551
5866
158
8378
9270
9172
12594
7640
3623
1915
3093
10256
14294
4148
11432
1496
5947
3399
13710
10370
4711
7982
5448
15803
13910
11917
12081
11856
1266
6789
14876
1228
2465
794
14598
5350
15086
13038
10897
7450
3815
4905
14362
13010
3490
11758
15938
15137
3823
9107
6779
2279
11344
2550
12412
6184
3810
15782
4171
6043
5472
7492
1996
7385
12009
8499
6667
3565
9741
3746
8824
4844
7470
4956
7872
15186
15653
11896
304
7067
15839
8304
14962
12130
9626
12858
13385
5668
13343
6546
14678
11487
1615
5073
6
9424
3607
10624
12298
6034
340
1718
8996
4608
7771
6887
4529
15312
7770
8455
3377
5777
260
11700
7594
13127
1368
1849
11304
15907
7349
10835
6930
6984
496
2848
694
382
15469
1056
4569
11057
10165
11005
7643
15364
4802
12150
2243
13735
5154
2635
10721
5838
1633
11183
4379
2779
8574
10546
9499
12531
3876
7509
2301
4084
12782
719
7688
12405
9633
3966
8185
6148
11453
8568
8865
544
15873
14534
3854
4933
2656
11649
2163
1879
5318
7127
1218
5764
206
5022
14689
15866
13349
5105
6901
9622
14531
6087
8341
5109
2322
2827
5149
4121
15287
11117
13207
13325
922
3427
8241
14972
7835
4052
1157
6094
11329
13994
13167
5074
8876
2414
6017
3014
14648
6450
2068
972
5403
8011
6697
15180
10052
8547
12263
6296
9275
12385
5274
12650
3286
14546
5604
13786
10353
2637
4830
3812
11536
15601
13018
2882
2952
2147
975
2549
13525
12942
7610
4727
8020
2655
1566
4392
339
11363
2883
12313
3349
8701
9874
7191
6386
9238
874
9863
2640
8045
13384
1132
10063
12864
14656
13959
2611
8479
13932
1384
15419
5920
14775
10565
7987
6211
13158
13137
9982
4266
14246
4179
9237
8870
8085
3742
11208
709
4276
14319
11169
9823
15426
8892
6638
1764
4119
15636
15625
2005
4170
5400
2992
11015
14796
12161
3318
12705
2480
14122
8239
2486
9876
8063
3550
871
13640
698
14883
11938
1545
4886
11450
322
78
6583
15119
8393
1251
10729
3548
1794
13373
12210
7936
9721
12538
8220
62
6111
15502
2936
3363
1981
4984
1366
326
2604
12969
15120
6498
15173
7462
1435
222
5041
724
9208
2087
11842
11550
13085
1477
2209
3358
14455
11321
13406
6035
61
8492
10699
11010
15516
3116
15121
14696
3472
5104
15061
10998
11083
6404
6401
12132
9341
8934
14317
1543
9486
12317
1771
8657
13696
15883
12448
2672
10812
15861
10170
7366
1301
276
8363
9388
4085
4866
1953
12432
285
3114
10722
12929
1475
14767
7513
13637
2977
3613
978
14740
9071
14682
7808
2781
7917
5060
8386
14075
15039
11848
10776
6231
9151
1274
14307
10202
306
2386
1832
12357
6059
10663
14701
1668
130
3047
3079
6238
1441
3928
6129
15050
13464
11519
10811
5358
9462
5469
1549
1300
7264
5131
14652
8398
15280
15902
10227
4279
5511
13772
466
11799
7275
14729
10707
2250
3072
7523
12126
7853
14990
11672
2199
15962
4137
3867
10708
8942
14333
3603
1410
14111
5112
12904
14378
13230
13099
8993
7444
15237
4479
7827
5129
2379
11756
14868
1723
3626
4399
14259
13783
836
10002
7961
3473
12714
13216
9904
10704
11011
2337
5842
10928
8636
10304
9304
13434
3728
5695
14002
6751
986
11577
15174
5138
6580
218
13743
13841
9474
5095
2947
7094
941
9226
13728
12232
2448
7272
4025
12542
3024
2800
12563
10917
1740
12294
7254
4563
12008
3743
12846
4865
12861
5689
4242
9621
9875
819
12950
11418
13276
6588
12812
3980
6185
7732
13703
8460
12489
10379
6867
14048
4409
827
795
5177
5795
4534
2217
5390
13615
3960
12770
13326
9627
13139
10676
1386
8184
11850
15675
13072
11599
12938
1306
8634
584
11024
2691
8633
10026
4668
5322
7887
1090
277
13761
568
12635
12095
3891
14179
15014
6102
8686
3913
9986
1594
4481
12179
3647
15728
9512
6792
2408
14961
12415
9080
4671
10028
15163
14302
7845
4285
14554
9732
10385
3171
12844
1962
10793
80
8155
50
15104
7837
12875
1458
810
9272
12391
14070
10984
14746
210
14244
11986
4347
15496
15226
14955
8069
6806
9959
10349
15447
3575
14553
8296
10630
12995
5928
10158
4617
11592
9401
1714
2519
12676
6283
3753
6187
3569
12022
10033
14591
5583
4801
10373
8770
13208
12288
683
7598
3121
13978
5694
599
4797
13397
10870
1100
5470
15630
3512
12053
14886
5938
15984
6880
2634
15408
8548
13504
15743
9979
2720
5927
11099
2229
6065
5915
14570
5263
6805
1453
4435
1571
11710
9862
10510
4280
5993
15325
4731
15041
11647
4757
13109
3215
3102
13587
13988
2347
5707
6894
93
15978
13408
1203
4600
14480
13774
11357
8110
11323
633
15737
11631
12110
10571
10243
11934
233
8969
8466
9962
12806
4299
12839
14
3699
6188
15076
15247
1029
15467
10316
9161
8880
7307
8552
15126
7099
9166
4925
7919
11425
12113
12660
7441
1323
4104
1990
8523
9961
958
13839
5070
12480
8087
11217
3806
10080
12181
13984
1546
4734
8926
1698
8374
14573
14331
2987
2809
961
12193
8565
5563
6236
15548
3886
5955
14247
12762
3751
14338
9188
5967
7315
14717
12096
13191
14815
7253
10927
6877
11802
2351
7033
3816
12492
1846
11086
13364
2608
3147
14433
15649
3979
1135
14097
9526
10296
13778
3706
15975
13592
11824
8775
2467
8251
610
8767
8890
422
4036
11437
3092
8815
1880
99
8078
8731
1781
12769
9386
15234
11931
356
1305
4474
2571
6193
8725
4957
7560
6683
10982
3481
9708
10401
11676
12092
2082
2472
2181
7050
13843
5649
7798
1177
5004
15457
1563
9750
1106
11639
5830
7473
3940
65
8186
656
3769
553
8276
10808
5277
14114
14791
5646
5355
1790
10712
9989
2197
14874
13182
10544
354
8330
5798
13354
9861
3608
11330
11472
12123
1629
6392
2919
12504
5370
9866
5988
3528
5577
1971
2442
7550
13454
735
9127
8671
14795
8390
14741
10013
9909
9559
9742
11026
11389
4555
14513
13231
14349
4878
12681
5293
8405
15445
3767
9806
15505
4322
4153
6487
9859
2680
12552
855
6406
6364
4149
8907
6811
3759
674
12109
8407
13895
2813
15308
31
15009
1651
14286
14200
5673
3446
2652
14787
6787
904
6070
6168
8915
5989
3203
3429
9326
4129
10841
9930
14555
404
4404
12237
14923
10405
15939
5836
594
13558
6360
7001
3087
9263
1897
9411
5264
648
5273
2729
3773
2707
909
1896
8029
4502
11790
9039
8056
9112
13520
15481
11957
4360
12652
3362
350
8608
12729
9973
11411
15895
13808
10512
8091
12821
12713
677
1489
6272
2747
5379
8961
2196
2208
12465
9292
11253
840
12684
12272
8320
10734
14066
8729
480
10513
7169
15818
14078
1429
7277
14781
11043
9744
8539
14238
558
2997
12019
5769
14118
124
12597
6137
7426
11785
7561
5314
15662
14507
5152
6147
13287
1183
10226
3096
4064
13039
11712
4271
11350
5911
8872
12918
4546
7727
12996
8598
10967
13686
9354
8696
15108
8139
10053
1942
12506
9788
11681
4603
10457
14895
13484
9637
8643
10328
1887
12135
13555
6115
15417
4342
15845
15603
911
5056
10706
1336
3253
14896
6441
11933
8301
12497
6936
11954
14916
8947
12795
11402
3926
831
684
10440
14203
15722
5305
9159
6857
3325
4037
7890
9518
11500
2088
9856
2873
13425
3321
2925
13161
14439
154
4215
844
8618
10402
11191
15222
5817
8959
1746
10622
8358
2441
2566
9431
6888
3254
7671
2220
10271
959
14564
5063
11511
2264
6205
13586
932
14332
12366
2261
6426
11887
3594
5256
15032
13055
13750
6393
6920
410
11139
13179
9675
11301
1289
5473
11390
3618
1173
9490
279
1118
9271
15843
5792
15355
228
2526
3042
14997
8817
2524
11881
11470
11115
13303
6732
2473
13496
9267
8898
7310
661
10415
8291
10940
11014
14167
12639
2119
9917
7873
1843
1495
2451
15215
4394
8982
15980
12965
456
10008
12147
2341
14304
4098
7398
1877
11351
13092
14929
7992
7651
10529
4173
14195
1219
11096
13548
1517
1403
373
9358
15779
10814
3984
14292
8197
7390
12955
6421
1123
5199
7737
8014
5316
9037
5258
9524
10916
13503
2930
10839
2288
8682
9641
3826
6684
253
452
14616
4736
13400
14776
8649
13858
14320
5622
13776
12166
9106
7753
14897
4489
14971
14268
11114
54
2702
4212
3174
15674
14468
11268
14107
118
12640
738
183
999
8869
4391
2984
14445
12167
15554
6849
12028
15356
10535
3500
10076
8838
6831
13958
14635
15385
6566
2650
14194
10043
8242
663
2293
4384
13125
507
8758
1330
8991
5021
11197
4687
11729
8154
11100
35
11718
29
625
10759
9620
981
6542
14361
5337
6068
8964
6370
10925
9185
1588
6809
15756
3830
10140
1358
2127
15314
13200
2771
14315
3327
237
6993
11313
4253
13481
2867
4174
7484
9481
11609
6353
6639
14033
15761
11788
2698
9501
9472
13007
8806
2900
5874
9087
8288
12330
447
13437
3995
7363
6309
15796
12217
1926
12766
7810
5532
6519
14551
4487
9699
12607
13804
4582
2990
15520
14921
4193
3251
9916
4509
1980
13679
5395
8639
12599
7459
10638
1014
4995
5227
4792
14201
7353
10950
2198
13296
15158
9552
4560
6938
6587
4903
8899
12312
15301
8954
15074
10004
8205
3708
337
2157
2600
14770
1127
13552
5606
10378
15670
10204
15092
7896
2718
3324
926
12002
14631
8544
11215
10021
5824
15568
9057
15141
1735
14811
15994
384
14893
14940
11152
3735
1498
14511
3872
15966
26
4946
13159
10774
3869
8632
3711
9288
12572
13707
10506
4698
7295
15003
5347
9729
5880
3687
8810
8434
15397
1042
15428
13980
7894
3310
8902
15006
14650
1688
14612
5538
12307
14032
1578
4835
3857
1406
4840
13297
1889
15055
221
15582
876
9038
7297
10409
10477
11331
14984
10284
6576
3146
2488
1911
4976
2134
4070
10138
572
5903
14606
8685
9114
13726
9115
6295
3438
10342
3167
14181
1618
5788
15040
4501
14322
14829
4030
9881
6279
14565
11454
12125
9701
2996
9997
2135
4661
4341
5837
14675
6765
10278
8119
14144
1759
1999
11340
4985
9946
12733
5740
6776
7866
2494
11574
2030
3781
7193
3833
4532
7102
8835
6140
9120
562
9879
1904
4086
1205
10017
12697
1720
6274
10357
15036
13091
7537
15202
10483
11808
12441
11638
6679
8404
3400
6313
9004
10431
10448
3985
2256
9385
1922
9566
4017
13224
4317
13720
10771
6869
7404
13141
7920
12159
1822
234
14619
3158
15718
10720
974
13692
15310
5133
13249
11144
8628
8335
13897
8054
897
4072
6699
13681
4684
14222
5826
15134
5146
14169
15850
12828
2156
11977
4408
110
3054
11037
5359
5276
3737
7312
5726
13149
6565
10339
15439
11982
7734
2027
5821
6428
5876
1095
13626
9253
13923
4168
14125
6373
5868
10746
10589
3764
1596
15401
9201
10874
10141
290
6275
7082
3270
2868
13466
10666
3097
7791
15281
15289
3686
8392
11879
6994
15438
5900
12689
4723
13556
1326
9449
1624
6383
3997
6314
9616
13429
88
1957
15464
6152
286
15423
539
14907
13641
1893
12082
12544
15748
392
13324
15587
5061
7726
352
4675
6507
14708
235
3311
1871
15306
6793
12854
5747
3240
2983
4867
4402
1181
12447
1019
4046
5017
13949
11838
5736
7040
2665
2804
14462
10962
15060
10986
14722
13330
14802
7761
10660
3506
6794
12419
7292
4188
5426
6884
11522
3394
7283
11943
6197
14380
11537
9967
13987
5780
12638
7743
13156
12013
13017
2914
9926
2043
1142
5745
8503
14327
5205
11495
7037
6915
3527
2886
4838
9171
6623
7501
429
10703
10351
10091
1848
10419
13080
9513
10445
12886
11660
402
5761
2072
540
3384
2190
12402
13146
1439
14223
7821
11654
4597
9531
10937
8482
13248
1452
4837
1925
4375
13025
7052
1704
3443
3909
2669
1958
362
3845
15482
8281
4778
1338
11775
7451
14660
14865
8847
10548
2271
838
12069
1474
9775
6681
7172
10327
5312
14255
4653
15214
4934
12592
9259
10636
9156
14879
11175
11556
1652
5387
473
11655
8450
10100
7035
6822
1544
6505
9915
13666
15783
8507
13009
9219
9787
14431
4602
10178
13986
1147
14382
12007
3601
3012
987
3499
13076
7174
11524
3103
194
6974
8555
14064
153
3398
8038
12466
14595
10359
7751
5194
10970
6371
5699
3899
4101
11515
1649
6550
15821
3230
3774
4781
8456
11067
4729
1001
6611
4075
10279
9702
851
681
10583
9797
7163
9617
3494
15707
13094
1785
4351
8797
15963
7477
6968
4733
4329
11430
3734
4236
12105
9815
15536
13267
4020
5491
3202
3981
5948
11960
1195
13938
9504
9960
5767
12170
6254
4092
6002
12136
159
14003
12805
11222
11855
232
1742
1936
6557
13104
7357
8498
12257
12428
7878
9743
15416
5117
1917
8875
4969
4131
8505
12138
8229
13756
3982
1073
1169
1505
918
12791
11613
8809
7351
13058
13004
7921
1510
1031
2903
4744
11136
14085
5176
4057
6326
1919
14092
548
9611
168
11797
9719
3350
8684
1989
14974
11110
1117
1522
15470
12719
12521
4056
14234
6110
12175
10
9436
15229
8747
5132
2798
15480
1949
11658
3392
5055
5753
6304
7224
1803
666
15484
7752
1518
8734
14104
2700
13258
6549
5191
14220
5030
1413
6685
3932
15831
4318
12485
13599
8165
14098
9897
4218
11503
6928
2454
10187
3780
9402
5872
10932
6790
15734
13826
13420
1614
11374
3546
12024
4044
12461
1551
11968
2522
15327
4777
142
7904
11479
5543
7813
11094
15597
3616
13668
13428
5136
12262
7008
5302
9535
9646
6422
5340
3290
3649
6925
4446
14646
11443
11520
1679
9413
10806
1691
3513
10650
3784
9179
1811
2579
13533
7367
7500
11455
8842
11883
11405
6574
14163
5151
12379
4728
8158
13532
8067
6770
4144
8829
4155
70
12094
15262
91
2081
0
12291
2509
5640
10735
5922
263
10194
4083
579
5292
9837
10452
565
12836
15500
4622
11871
7408
14527
14952
814
11435
7211
1083
12548
515
10159
12921
5655
6786
11634
12223
1888
1032
2227
2439
6105
1732
5285
15109
5374
5976
720
12387
3799
2695
2722
7376
3242
1303
14020
12644
3556
5628
14820
353
5431
4616
6590
15556
8321
6410
7551
5137
3542
9950
1934
4779
15543
11335
7445
8077
6239
12243
11642
971
5936
715
7731
2872
9031
8068
14072
6146
15713
12004
1490
10447
6718
5701
15087
11769
13440
386
1343
12951
7236
5843
6657
14269
8689
5051
1774
7350
11230
6640
9444
4618
56
5569
8497
12494
2015
11176
10136
8202
9348
7766
15476
8733
14498
11444
1903
208
1598
8328
14964
3297
12423
3064
5626
15179
607
11773
4463
595
13788
14366
5388
2434
1200
6466
1348
2078
7170
12838
12631
10120
5990
934
9212
13221
2338
10681
1018
9899
11469
9804
13691
1984
11178
1780
6595
3074
5752
2943
9359
10259
2124
12203
1646
10192
12390
10435
10453
14217
11736
6818
3380
15245
14528
145
6868
2132
345
13766
10619
282
11854
3934
3164
8062
10579
2860
5677
7680
4554
8418
6241
15645
12968
7427
13022
4300
3231
8084
9236
14856
9480
15593
10972
7483
2105
6973
13062
2926
13395
4571
1178
2140
15047
6508
6895
716
7323
15666
13769
10614
12103
14095
3145
13123
3723
3129
7114
238
13053
7829
11532
13544
1734
7908
9186
3264
7331
6324
7416
7730
1459
11565
7990
609
14672
14871
12129
11403
2576
3195
3551
12084
12960
2568
4900
12818
10816
15561
6955
5242
8839
567
15503
7883
2359
10384
13671
10334
15212
8718
1030
5648
4904
11084
6189
11821
5250
2348
5233
1976
13554
9150
11612
1404
792
1656
4655
8962
5378
11422
4794
5995
4263
13172
783
9146
6603
3745
6190
7699
11278
3261
6390
11878
1185
4403
3561
8009
7075
15393
5410
8104
475
8162
2170
15552
13606
10404
1028
8213
3341
6906
170
6468
2328
14698
4113
1081
15089
8367
5542
4455
13295
1360
347
7698
14651
14855
7983
4799
10702
7250
14673
6898
4804
8796
3157
9520
13341
5352
6712
8916
11255
3634
3795
7922
15085
5257
2713
1423
13213
5142
12728
12444
7449
13461
3511
4877
15400
14082
13165
2289
7469
14592
7145
14043
1415
8448
4901
11016
3545
7175
14738
280
15820
15693
8188
14999
14466
15871
1146
7926
13919
11852
15427
11992
11575
11569
14119
7047
8196
9434
2401
9615
5072
5658
7006
12622
7200
5716
12360
1334
5576
5651
7608
10850
13933
1304
15479
1370
11320
11699
8122
10020
14659
11172
7487
9542
4860
7544
2778
4090
6297
1612
3428
8371
4498
9943
3460
10960
1163
581
10484
2476
678
7372
6439
4550
2625
1577
94
5683
816
5639
8167
12636
7945
6602
8150
3794
12323
3043
11966
646
8182
12845
15371
10413
13962
8008
13619
12765
10988
15284
11262
15268
639
10724
2375
1687
1277
4426
5465
1643
12573
4518
10837
11468
15512
7411
11882
1059
8690
8458
15025
2838
4666
9145
3655
3435
14766
10560
4724
10875
5590
15064
741
7227
13239
10694
12985
13410
13392
3474
8853
14503
2766
12533
796
9625
3083
7303
11885
13337
15802
13157
804
6847
13549
2475
4366
3368
6666
10977
10315
9485
1916
3709
14152
9551
4185
4079
2508
4203
5481
14143
6465
15043
10617
5823
10549
8350
12945
7625
483
9985
6709
11080
14903
1051
699
7293
15392
12306
13488
3969
7958
2038
766
14499
905
4333
2302
799
623
945
14103
14316
11226
4344
6495
12617
10244
7637
12741
7208
9803
11714
1069
4327
7564
7532
315
10139
6671
2957
9233
11588
15020
10426
14391
1136
12534
14864
7820
13117
3580
7396
6668
853
6122
14056
7741
6688
10015
8250
10613
14536
14544
5746
3123
12914
4262
12051
2556
11475
7197
10350
2668
5328
7493
3788
458
10826
3663
11951
2739
3246
10088
13202
9667
7447
9838
9158
11745
3345
4856
4521
11251
10130
15220
6229
12591
791
787
12609
15388
5249
3178
11129
12619
14854
15950
2763
14173
8204
6823
723
10322
14229
14884
12459
2182
7087
13622
8287
4163
13308
1812
9656
12924
14365
2090
15717
15021
11905
11317
10295
10769
8621
5158
1085
3169
2478
5451
8131
6352
4345
6374
531
11932
11719
3020
15746
6398
14726
12571
12890
2789
8279
10198
3036
5672
1819
14150
2784
4042
15253
6739
2321
12325
7850
9183
11420
12517
15956
11598
10926
7701
5434
9048
7774
8116
9779
1356
2216
13571
15840
15515
5774
9349
13506
2000
10561
493
3156
10109
224
14308
5918
7862
8581
10269
133
10075
14732
5688
2212
15758
6782
11783
3840
10673
5405
7526
9515
10083
6169
15780
1721
8585
4010
13186
15143
7180
1473
1341
14230
11456
1053
7405
8739
1634
7895
8654
6287
3419
15030
2419
7696
8805
3440
15216
14985
10941
7679
522
14602
7489
2982
10237
2266
4164
8477
4851
7430
14769
2276
2578
3155
3560
4320
9507
2830
4740
7930
1555
11311
14532
5101
13114
2631
10299
2402
6273
3752
14571
11077
7143
8004
15608
15093
12503
7389
6900
2100
14986
14170
11674
6183
5940
10211
2222
3954
9147
8163
11751
9213
670
11153
8613
3653
864
1392
5983
15946
7969
6774
15836
4094
1482
8023
9286
8723
8436
11851
2938
8030
13168
13570
7299
5421
877
12424
9033
4000
9336
14588
10210
11198
8493
4420
4196
9330
10603
11959
8412
9221
2089
13811
15906
7911
391
776
967
3200
7417
11726
5573
12779
10092
11962
5197
14383
1108
1114
2643
7221
8675
1913
15951
7475
7616
10103
7181
3868
12541
14479
1944
8771
9011
9134
8927
14000
2416
3453
15599
7672
14502
2944
13855
5324
11280
9541
692
15745
12164
4677
11009
247
8763
7885
1504
4873
374
12227
14626
14283
383
12478
13712
14168
9870
3418
4672
6529
7546
9945
15828
11635
13291
12141
5150
9466
4213
6031
12891
3132
10570
2024
3236
15736
2500
6134
13669
2129
4853
8134
11955
12800
13175
13065
10341
14251
2298
14156
2118
10733
7519
14276
1418
11873
12
6797
5730
6093
11979
1040
12815
4938
12474
7153
9516
13419
5226
9550
5130
11688
15526
13124
15080
4074
3412
5593
15647
8459
8754
10499
10989
1227
328
15919
13
1010
14452
12041
4197
8172
2254
3110
9030
8821
7289
11006
12180
2855
4422
8788
2523
12348
12613
8339
11371
10532
11580
3210
739
11347
1325
10494
7786
4565
5567
11507
9325
590
1130
11770
10104
15099
2728
14155
668
6416
10011
15857
7122
5711
589
13529
14628
13736
13223
12273
10018
460
2737
14396
38
2842
15710
13136
8340
7248
14959
15948
12811
5998
9884
13618
8065
13242
14045
12604
15349
8435
2746
10809
4821
11944
9539
14533
8597
8601
127
14680
9579
13432
13512
14089
10732
12834
4467
979
10575
1707
6872
1931
9223
6483
9670
14875
1016
12483
7213
13307
1686
5464
1516
14561
15999
7173
14647
14691
9914
2840
4451
4199
9256
15053
2693
5124
7230
6953
7611
11741
1906
11075
8373
7256
2012
11973
8793
1479
5428
10690
9533
5839
9017
12683
14587
6303
10319
12296
858
8271
3483
13914
10943
3476
27
11161
14204
5647
3631
9285
14806
5859
8968
13327
5523
15351
12808
14046
11412
11786
7880
4545
2823
6235
11071
11902
7545
2280
3943
14968
15082
2609
4525
5016
6630
6569
355
4807
14093
10253
11028
2433
14153
6482
6733
5820
6461
3432
1525
2911
14312
122
2732
6208
7927
9749
5835
15110
14735
9761
7939
9647
7644
14543
1242
1666
9415
3824
14460
697
6402
105
11870
1739
13979
10232
1008
8740
8966
3726
484
6076
7781
11
9406
13133
10490
2921
6163
12547
6720
9246
15017
15837
15026
13389
13937
14622
14951
11170
13049
1979
6943
11906
2178
14340
15236
536
15607
9971
11082
11891
6011
12250
6334
13611
14408
11858
3678
7347
2584
9598
2247
5971
1420
393
10718
368
13620
15304
1692
4319
7950
4998
15633
12584
12467
6701
2510
5126
11913
12027
10446
10407
14474
4432
4227
15580
10562
13379
11327
7506
11209
11862
11868
4139
10545
13435
13077
10305
14948
13232
12669
8958
3009
44
14674
15639
1644
9456
2688
12912
8001
10954
10643
117
7801
12244
11782
12100
7167
7678
12691
13415
13511
14038
3645
11231
15013
9808
11212
2300
13338
107
6947
8170
3265
1676
4615
5295
6165
1102
12549
10074
2340
1488
4574
546
14039
15522
11564
9792
15452
3386
10955
6533
9692
828
6553
13593
4983
11787
13790
15908
15759
6710
849
3153
2535
693
14667
10069
13453
10669
8607
15263
13166
11187
6149
6509
12299
4795
7955
10014
6338
2104
3641
14115
7072
10869
12314
13474
6133
15596
1449
2854
3131
13983
12104
4982
9220
7138
585
13809
114
4038
4530
8024
2150
10476
11903
2815
8109
192
747
14931
15696
2316
11779
13647
10157
2629
12267
11130
3018
10394
2101
2389
3085
8567
10763
11820
5844
3860
9537
9534
2297
7859
4849
13605
7516
11484
11814
13874
7030
2933
6952
283
8543
7418
13771
14710
3049
252
8037
14068
10019
9049
2687
10796
948
8656
13090
12220
9164
624
8481
4411
9085
10062
3567
1565
4538
6989
13498
1245
12859
11279
2481
14130
5425
14539
2245
12863
7554
4660
5407
12333
6083
13580
7288
7825
2675
6812
4208
12163
15700
12106
9351
12947
15473
33
13543
5203
4055
6081
6682
14428
1302
11307
12970
15874
15701
10541
11765
465
13825
4476
6217
11754
3676
1749
3758
7669
3372
14804
2273
14147
15348
7889
7772
1975
6268
15847
3813
15185
13817
269
4629
1005
11839
732
2593
5169
13643
4762
8827
3939
11091
6932
338
3536
10460
5833
11929
3507
10429
4614
2077
13185
14017
2137
2570
1900
6046
49
5020
7849
15140
6976
4183
5766
12840
9384
2175
8200
13265
6192
12661
15152
2415
5332
7814
14035
1507
307
14423
9003
2311
9387
1089
7802
4523
15786
1603
6824
913
9619
11131
327
5333
1234
3559
13631
14419
7370
14435
7569
5236
12736
4414
9068
2890
7582
9060
14733
11464
4177
13976
9510
4290
467
3135
2627
4490
10786
13527
14846
8332
4454
12188
3309
5015
14490
6284
5047
7956
15298
12283
12451
9204
15258
618
2663
3766
3430
10965
2994
6435
1161
10162
1395
6841
12249
13292
5178
13367
6871
11731
10024
6798
13885
13945
15916
6645
12668
4313
15276
4397
11105
1696
5526
6622
4211
2206
9511
7123
9988
1767
5190
4752
6199
9529
12837
6677
12939
3301
5749
12403
5549
13917
654
15605
5075
10127
4536
9116
9831
3138
6577
5939
3736
3212
2649
409
15330
4207
219
13665
9817
10367
4581
8509
8710
2915
309
6889
3894
743
14202
13793
11467
14335
722
13261
15590
5433
11397
707
1838
13745
6265
6881
10595
11121
10849
15339
5958
13290
7646
13693
14956
7209
6859
10184
13244
14939
679
13801
14585
3374
4110
9438
3105
13578
13318
825
2751
13946
15369
6317
7286
3937
6242
7756
3915
1786
13495
14859
1539
11003
6159
205
15106
811
11216
4737
10449
3622
7443
15309
7764
2011
5288
9711
426
3480
2029
5737
11345
3738
6178
2398
446
3162
7388
3052
9468
14077
15290
15807
7334
5372
15238
8480
1315
8609
3369
7767
9843
8761
9530
3319
9528
12866
7893
8513
3739
9731
10572
8932
5092
6670
3352
15752
593
14094
5510
14510
5457
11961
13851
11223
9994
13936
11970
9193
15961
3967
396
11070
777
5887
8999
12576
3032
2764
13047
2863
6680
7765
2808
9109
12295
8409
13762
11393
9265
7832
12171
15101
1038
8088
3669
9409
807
5841
3166
13180
14987
7098
7695
5308
5339
15142
14272
8232
7897
13646
11528
14053
11004
8486
2112
14054
7368
8849
5889
5326
14748
9886
1604
6572
9604
10119
15589
6995
6512
4231
1722
8420
1062
8532
7906
2334
1561
4593
6224
13613
14774
15509
2335
9818
3464
9062
5616
14520
3793
12355
11967
14913
10661
15627
11549
8414
13483
9382
8572
9756
10737
10217
1320
14193
2022
6151
9425
8990
14695
14409
14253
4942
6863
15985
6828
3962
3501
1590
14096
9142
7638
5187
10566
12857
5066
4367
12476
255
4800
12078
7226
7147
2269
12149
7664
9195
12957
2856
2048
6474
11241
12738
390
4607
14050
14908
1487
6998
14036
12269
15218
12365
14976
4693
2622
1064
10612
6721
7089
3356
5192
4198
4673
2923
9276
6196
11290
5282
7486
8799
13169
2287
9010
11334
4250
4091
3357
13145
10756
10606
9391
7164
14282
5315
15246
711
6092
7925
11677
4438
8015
6266
12102
172
5399
8156
9569
7704
1626
6982
12231
2028
7571
7933
9132
363
12079
12876
10251
13667
3554
970
5311
14920
11928
9056
14541
14937
15442
11054
11737
834
6743
7066
3825
14730
14209
3462
5303
4943
14725
12341
8033
394
3731
8048
2963
15135
1112
3323
12410
15367
750
9324
1362
3492
10780
9149
10489
12520
5596
15989
5584
9095
3005
3450
8737
8388
13636
3059
11691
5096
4657
2215
12673
12718
12337
11680
14841
14597
12473
6064
13286
3583
9920
15264
6222
1564
3008
5040
14649
4385
4785
11742
10648
5720
4430
298
557
4771
2188
3828
11686
13837
11196
6851
12773
14197
11645
2552
5743
13452
10987
7533
5253
15598
1253
15127
3304
14212
4377
13991
2875
2437
18
8274
12994
13898
12935
5910
9715
13767
12287
11493
15211
9509
15923
12537
771
7158
8035
15542
9117
13913
15957
11218
14287
13507
6592
11424
14172
9072
7373
12023
15559
14957
12059
8218
15626
13020
11894
13222
2356
12435
13911
12602
12174
3905
7232
8716
9662
8524
6048
4613
9540
7090
8094
204
7785
15065
8153
14263
6927
14087
3107
12988
5933
10980
7588
1009
2841
4556
3744
4575
4701
3775
10369
7694
5167
1729
171
12093
14342
7361
12990
14162
847
5641
4719
8243
1104
13386
13878
12500
3279
11419
6126
534
12742
6660
5153
7534
4335
7391
13663
1372
4506
13940
1047
7959
15684
3923
7847
1373
11349
1469
11923
5480
5180
1754
14506
1875
9168
3271
9521
5953
15868
10248
7995
6206
3643
13155
4716
3912
14279
10604
1138
7195
3391
3496
15182
10361
5856
13856
14126
9177
6365
15125
9363
2851
4169
6282
15016
1308
7242
15775
4078
2179
11713
5321
2001
2360
241
8722
14655
3245
4076
5123
3199
14218
5216
9209
1294
10145
5474
9949
12952
8159
6499
9467
9887
400
10410
4533
14608
12490
10738
5002
15269
12596
3914
15139
14910
12751
15814
14850
6727
14404
3405
2575
15285
11991
6085
4609
3367
4458
6384
8975
13494
4596
13045
3190
11828
3055
7702
6060
164
2282
10112
9129
2658
14556
5864
13021
5031
2429
6057
12200
6299
2644
2744
8151
15193
1762
11552
12536
9935
15132
5630
10873
8794
14028
2775
3175
15095
7151
3658
324
9563
9746
4743
7877
457
3407
3295
4424
6629
5019
3606
14311
7081
14847
13103
682
3790
13105
13070
7119
13574
4935
2411
12518
4053
1023
9789
7009
13704
14451
14877
1115
15444
14459
1905
5301
15967
15227
5108
11101
4272
13112
10620
1710
15317
10652
2615
7218
1965
2430
8619
8901
15307
6558
1099
12189
1004
3859
10427
14558
9496
6232
1206
10956
12977
2530
12266
7977
7327
3148
15905
12588
8978
8653
7215
13785
9752
6019
2111
10508
6399
13603
12256
6467
9666
12080
11120
12543
9196
9284
6437
12356
6714
2967
8343
1987
13821
8036
8862
5386
7944
11012
4184
14909
15579
2916
8403
7655
1858
459
1201
1621
5279
603
8527
1595
3404
10554
15477
92
1261
230
3
15954
7021
15867
11604
13517
2624
839
9730
13623
10945
10195
4715
7935
5768
4803
11759
10282
2388
2816
3835
1592
5240
11085
4054
5336
574
12753
14240
9765
5529
8113
9523
1333
15453
13363
5494
5475
12372
1724
15362
11559
10757
9081
13610
1225
5663
2847
3804
991
4306
6356
7747
1836
4395
1268
5271
8972
4167
2904
6616
10911
9044
12685
5045
4241
5965
7343
2536
2773
6493
14831
12545
9942
1883
13255
3525
4961
15928
12919
7399
10200
4223
329
8834
13048
12219
11373
12207
14008
2591
11306
12511
5443
3100
7839
3348
9623
12469
6155
3465
8726
3987
14718
11963
8326
3887
7552
12539
12629
15166
14314
15010
14797
10751
7192
1258
1513
6114
7287
1950
15529
9091
8253
1318
14429
1000
12646
759
14739
4738
15208
4854
10994
14705
10461
13562
6992
1470
7505
14444
5049
14758
4
4787
15525
3892
2354
8234
12005
7540
6941
1972
14345
2076
2632
5598
12566
2870
5562
5039
8257
3704
3518
6644
5697
11434
4875
2210
12589
7868
10516
6715
5018
275
1101
10235
8108
617
5505
525
10288
2253
4621
5139
13747
8487
8334
3750
3081
6903
7542
8284
2193
14996
7356
11529
12555
9058
4620
5825
900
5079
3179
10175
5103
9807
11911
3659
15197
9061
13096
1681
5624
7965
4417
11002
12248
5024
10215
14620
503
10596
13205
1520
13734
5310
10061
6414
1444
13245
2234
5702
11132
3004
8728
10861
6212
13479
908
14932
2712
7711
10035
5452
2067
14844
3811
8357
15638
11806
5071
8622
5364
12414
6795
15168
2706
11733
11941
4959
3747
7325
6216
157
3080
13413
12974
9854
942
5961
3217
9547
3206
2986
14808
7729
5477
11053
5588
15591
1537
1327
502
4407
11999
10887
12327
1697
8248
414
10155
6631
6781
10551
13229
10095
2829
15431
2512
5696
11796
74
15606
14489
28
5182
13272
12211
7645
254
14590
2107
11252
2975
257
6586
11659
2616
9443
1007
7078
11918
12664
15609
7054
4926
983
9025
13939
11448
12114
14414
3322
481
14339
13298
11386
1382
14121
12678
11652
664
1508
15189
3313
13116
8097
8475
2648
4373
12437
6967
10820
12744
2917
11578
5582
12479
6469
11298
9174
13526
1211
10601
15323
1620
11771
2164
2184
3691
10150
9546
11545
912
9252
6417
8262
880
10653
7203
8550
7111
6655
236
4945
3838
10455
5760
5290
14145
2795
12653
11429
9944
1087
2330
12509
14323
9725
15181
3353
9727
10609
3478
4947
15870
9505
4872
13106
11526
12151
10538
1667
10425
3099
3714
8720
15111
7693
3782
13187
7104
11030
14878
3444
835
9753
10611
5610
3346
5633
6852
5944
15103
13500
11653
9393
11167
2623
9577
11910
12255
9137
6753
10117
1364
12943
6218
2821
14407
4594
13699
7317
9572
4127
1899
15130
9690
10459
2037
4694
2811
5091
14509
6845
7622
10946
14102
9645
7966
10710
1616
10531
4219
15767
10432
1025
14242
15296
11036
13299
15144
5196
11462
8967
10719
755
12679
641
7291
3964
12941
1763
12083
5968
15386
14607
15011
12908
10487
3288
14505
8101
9297
2517
12430
3388
928
9891
4258
13423
10920
1159
10153
10497
1275
13674
9703
7204
8669
13282
3558
12209
5878
12726
3334
13876
7822
1113
1768
1431
4192
15159
2290
3034
3977
7140
9086
7476
13985
13721
2866
7833
15808
7879
166
14285
5382
931
9693
11936
3467
11912
4633
5667
10491
8897
5001
7778
9407
4696
13614
4456
4624
5884
7667
2128
15854
8858
9096
7271
9713
12787
13654
5970
12855
12143
5213
13190
7803
2141
7101
4165
1574
11875
45
8115
3078
2839
7383
733
14663
15151
477
10000
90
6407
11644
5013
11597
7650
9491
7039
2420
9262
13943
6013
13399
6039
3566
2812
15322
15252
6395
11056
13698
30
7691
8402
7614
12054
7662
449
7779
12794
1184
5917
4962
10156
13275
5645
14521
5901
11396
4690
213
3619
14988
1583
822
3801
3401
15549
1310
4443
704
11147
2617
15084
11285
13890
14180
9320
3250
2436
6599
5093
11935
9932
8254
10952
13285
8515
1579
1052
9640
6749
8252
9
11857
6479
8974
15921
9194
11706
7262
3071
1050
5003
13591
15755
2387
2318
10539
1536
3222
14280
10009
8994
7302
15206
3760
11725
13865
9957
7467
1141
8449
3151
3971
5758
11735
2380
1057
2167
602
6144
8844
13630
4361
8145
1895
7219
13396
6053
10608
12747
9430
1321
6227
4491
1672
3999
508
4547
12987
11661
15501
9726
7474
8571
7093
12304
6220
13708
12843
6988
10047
3808
11239
9452
6044
2922
2723
11988
14368
11626
13655
13905
2009
15751
2036
2731
11089
13135
3515
7848
10010
15313
15090
6853
2370
12998
10173
11518
7034
14637
15243
15256
3038
13863
13424
14219
4259
12508
4572
9122
13632
11459
9658
4587
10574
12229
15231
11568
10486
1678
11055
476
5735
10990
371
8381
4700
1428
13433
4374
4948
7026
15914
10503
15034
9921
1608
1969
15655
1148
3582
15523
2909
9977
14394
10779
7083
10883
12086
1353
8039
6033
7077
3454
8563
1237
6003
13371
3168
3040
2381
9589
3198
13147
10674
12359
789
3673
12835
6799
15382
4994
9045
14950
11122
9984
5252
5773
9405
14009
14523
3447
9602
11876
2292
13744
10306
14109
12127
7141
5882
7096
10899
5107
15692
12803
820
8484
16
15383
4806
10569
13052
8681
4520
559
1878
12293
4805
6285
12259
15913
2336
14295
9606
15363
11165
6244
4783
13380
1831
939
12558
11180
12340
3263
12017
4888
1562
1434
10154
5466
4960
5084
12725
8851
200
11675
15545
15616
703
4991
2139
9024
5268
12877
12532
2583
13894
4651
11809
9009
11800
448
15148
879
7555
5228
11029
4590
2555
15360
5518
9042
712
6176
12764
11566
13118
15274
7309
1609
4811
2483
435
1243
4862
3328
2559
3239
8240
10302
11504
8508
6674
4081
4963
12898
9290
4359
6400
751
12798
13028
15311
8903
3713
162
582
15372
2969
718
5791
2725
4526
8691
4817
3209
8406
2161
11546
6166
9894
6581
10005
7916
8735
5099
14522
15564
12198
21
10293
14557
5054
2980
9295
15859
6843
12182
731
3188
13211
10810
15945
15340
1581
13195
6500
13541
10146
10894
10421
8329
2275
2016
14254
14356
11664
13472
10773
14372
12593
5665
5106
2459
571
7012
8305
7330
11045
13784
6245
8064
4544
4612
9206
7613
3063
2126
11746
9247
7758
3409
8489
7660
8152
12275
13237
11240
1191
14250
15576
1257
15680
11017
3259
2428
11000
13816
12453
9548
5076
9488
12046
9882
12852
9903
14640
11310
8538
921
14515
15491
6896
2699
2149
821
10678
5229
4363
9736
14079
11630
13225
8779
4750
2258
619
2445
2226
11996
4678
10234
13716
10197
10185
128
2793
2885
12184
1357
8043
3986
2248
4388
14091
5097
1041
4628
7446
9900
15191
11981
3475
6260
7606
15773
4448
9323
5185
8530
2257
6521
12493
2620
5486
69
10819
15890
12290
15468
8756
6838
15404
12677
4103
11407
15640
10301
2044
9294
13601
14576
13173
13633
3441
13563
14661
3664
1845
15996
8467
13709
11460
259
13827
7478
7410
6600
12185
504
11646
1855
15029
9165
11383
841
1408
188
8717
4834
15694
6310
14309
3605
13823
4790
316
14679
11044
10822
8496
5454
2958
7932
12375
9525
13315
9980
5896
1901
2393
4897
8704
13006
7805
1804
10340
6702
6783
2606
11446
6775
7891
4965
13922
9136
2806
3644
798
11291
973
5763
8553
13273
12030
13482
4365
10071
9124
8825
1556
5739
2479
5959
14537
5168
8422
11001
3922
3707
12869
9846
13831
10260
4855
12826
10254
14399
5713
15726
8749
15827
11752
6665
13323
14899
3959
14706
7378
8338
8665
7718
10709
8894
6101
6029
5904
5797
2724
14538
1731
15629
7497
14867
11937
11576
1442
919
12318
10422
10688
7485
12740
6531
14618
8867
15624
7590
9896
9543
1230
604
15370
4326
13270
15563
3665
6764
8816
10552
9278
8074
10201
4156
14784
5852
2794
11747
7870
3866
6965
8698
3521
3186
4974
1091
6539
15872
756
3756
1281
6442
9931
12529
9599
7967
8164
7769
13409
11525
15118
1221
8603
11326
9176
5808
4452
10344
11248
6969
4857
12468
7463
15038
12352
7563
3842
9951
7364
8666
9821
7113
1650
6267
7800
9155
13059
647
13660
13304
2310
12910
3266
5814
7510
7642
12411
8222
2085
12901
9974
2542
7504
4220
14690
10900
14716
10268
9357
14139
8192
13551
8840
9021
1464
856
12971
9581
2495
10877
8885
6445
2268
10890
14274
4818
5599
6171
1853
13238
11958
5879
7105
11159
3571
1046
1015
11264
6286
4016
2662
14958
1680
2589
11861
7369
13439
7022
13414
9429
10918
5143
8294
15172
8866
8861
8922
4134
13730
11666
2954
6556
5530
7776
3941
479
10781
14019
13535
13888
12788
9573
2970
5476
10659
15052
6919
3953
8083
5741
5992
13418
5664
6690
6484
1636
1416
6552
8583
15849
341
9311
2585
4355
7146
7574
2682
10696
9197
5417
8269
1833
7900
13268
6311
5525
4026
7981
12066
9210
10151
8616
12472
9317
662
15244
13600
5488
8344
13915
7633
742
7584
14880
4764
12062
10261
14010
8659
11724
3858
1145
10801
5479
215
14128
420
5356
1682
14699
3011
5602
12608
9812
11892
7703
7308
7064
3936
4145
3903
9479
3395
4354
10169
7641
12281
14888
2937
15955
7816
11042
15877
9392
186
2372
8081
9239
9696
1798
2002
12524
13170
14370
42
1160
6618
10743
644
3893
14494
923
11585
10174
10649
4909
43
3896
87
10625
5524
9242
14658
15196
9369
10969
8177
9536
2690
12120
12732
13925
7340
2404
1063
9905
3232
7572
6897
8913
1960
671
6277
9364
6429
3651
11367
3547
9999
351
15888
8764
7502
15240
11206
5429
12730
14911
9244
7507
14936
2521
445
5437
5215
5156
5389
13715
9872
924
4537
13460
10515
14519
4770
11113
2305
13725
10396
9008
2496
13803
15787
10218
15450
15165
6036
14198
9595
2418
4859
10482
9691
15154
1494
1223
6563
11711
13300
6072
14001
4340
12230
1156
667
3144
111
1394
1322
9739
7562
11061
15375
6162
5934
11606
15622
7618
5756
8289
2961
3667
8302
13064
3757
9088
8365
5812
3493
8230
3037
6971
6342
9842
2236
8090
9809
3970
7709
6447
11843
8512
7110
6571
7797
2308
1224
9601
4953
11908
12254
13807
5243
10054
12346
1607
1084
2950
3574
9282
12499
14159
7717
2601
14132
6084
2540
6331
4232
9679
7301
2905
15652
9273
6037
3053
11927
11062
10563
14192
2703
2667
4040
15004
15398
1335
8175
6276
6052
14965
4652
2514
8394
4428
4931
4924
132
14117
3832
14354
2406
10364
14756
2603
5145
7914
11535
4899
5964
12686
3553
575
6145
3316
12916
956
2143
8309
10679
6233
7591
4699
12961
8130
2679
12438
288
7133
444
9850
9748
7997
4966
5572
6088
14325
6100
9414
15251
3379
2059
13203
4822
9152
13095
4031
10160
6607
4034
15988
5547
12680
10931
12140
4643
7681
6612
14892
14011
13576
13842
4679
2121
11690
15069
12068
7124
1884
14724
4001
2158
5307
12790
2385
3717
12776
3916
7784
5381
11764
11990
12087
2762
9046
461
13209
5858
3140
10830
830
12085
1176
15920
1279
10800
8677
12176
5027
7252
7700
11154
3134
7531
4883
10929
15838
8027
10343
169
6694
212
12153
11039
2636
10480
11694
10581
15434
10356
271
9157
434
7086
14060
1575
1661
11853
14210
1186
13711
2588
9020
13659
10770
1192
1153
9121
10102
1013
7543
7541
487
5789
2871
1589
13240
8047
12491
3022
3612
12246
126
2307
14709
2074
12767
15455
11227
12221
1144
13374
5222
12481
319
829
2594
11768
12431
11567
993
4828
11922
11177
427
4972
3629
5484
4152
9722
4323
4029
3027
15486
14579
9734
11930
474
8307
13087
1744
3974
2686
11207
10635
13972
245
12611
8620
11502
8423
1924
4586
15337
6524
8800
9918
6604
11721
15027
13524
2410
990
6459
7498
12101
15161
15602
3389
11156
6174
2966
13638
12071
10904
8337
6807
2461
802
10470
14825
2431
15359
5171
12614
8470
5809
7898
9014
13685
6020
15024
9941
1677
8755
10585
15344
13547
441
4380
14645
4793
1393
14381
7062
14360
7589
1641
4846
10936
4773
7345
763
13519
11749
7783
15926
36
3342
2003
6614
14062
2931
1586
2995
11150
11319
12112
3557
12510
2102
4681
9175
7112
6318
3972
3621
11473
3371
13122
1365
9076
4314
3060
8706
7626
4527
2945
453
4400
890
7131
8826
8537
1124
6567
3862
5053
1983
4580
9111
511
7107
12241
3335
6388
801
14768
10618
10762
14584
680
11489
1471
451
14273
13561
13568
8354
12277
12222
9182
10230
12878
6910
12177
10097
14642
2200
1152
3660
12894
13121
3898
5238
5239
14902
11795
12279
1760
7733
5888
2230
5829
8823
5785
6038
8391
13997
8854
9232
11065
3191
944
2452
6528
5846
5611
3783
14881
15235
15917
15833
10258
861
13398
6635
7938
1730
8986
3652
4459
3599
5447
10865
6844
8018
818
9123
14298
2801
2792
2169
2096
358
12711
15300
3807
10408
9108
7547
14942
12152
5200
10417
3150
7437
1872
14816
7587
721
12560
6489
1072
13283
5851
10876
7494
7557
665
2162
8413
7884
4747
318
11740
416
11098
14745
13916
9958
14491
12569
12401
10229
740
15508
3944
1920
5078
12353
9097
952
15547
9777
443
10007
4583
4876
12783
15331
2654
12242
1560
3702
2564
10317
14686
6506
432
4494
506
9660
5945
9990
14885
3422
13680
3106
13198
11617
14334
5534
14772
1017
8142
2573
13757
3733
8595
10909
9911
6127
10191
8721
15983
9649
15632
7194
7858
2165
3385
7986
13627
12675
5155
887
6109
701
9334
1283
6816
4006
5272
11027
5660
12709
11819
3068
2877
12056
2057
4827
4504
14575
10286
13971
706
3681
12145
6579
14842
478
13061
1035
5894
10308
15299
2857
10747
9228
11734
14517
762
8500
15232
2740
13948
9069
14484
1109
1527
6271
6301
3948
1390
9007
10555
13013
3848
5140
12909
1935
15672
13100
12396
11093
3139
1396
2896
12823
1711
6662
11337
5559
8575
12214
8759
6432
13537
14478
9471
12967
1239
6379
2378
3314
10336
15573
12393
4485
14231
15131
15825
12429
6025
12316
1669
8883
15115
15741
8911
3963
7949
11194
12076
10863
9380
8765
15788
8194
2932
13617
2985
14129
12235
6620
4473
15436
5115
15295
842
573
7846
12760
11286
5363
14761
6596
11332
287
13008
11182
15853
15949
15046
1857
4065
8312
2845
6156
5751
8016
14887
5723
1088
11501
4632
5449
1968
1272
15146
1454
8626
13097
5211
5090
15250
2477
5500
7623
14227
11125
4352
8540
4765
3670
11590
11433
4542
11232
1821
13950
1451
11531
377
3006
12672
7318
15321
6745
578
8668
4267
7670
9254
8193
1
10297
6589
15167
1719
9416
11414
7653
4464
8120
8549
6735
4843
12048
505
9211
630
5973
6916
8504
2782
2864
14703
14928
15088
15834
5275
5950
1236
14492
1065
10337
13288
10568
4194
15740
13331
5966
15891
1424
2063
3996
13596
4754
8605
14614
12201
13608
13152
11247
8951
6905
5144
14677
3180
11833
781
3347
9307
6522
13875
11704
4478
15566
2942
13128
11900
2421
10684
12754
5439
552
6066
12404
3229
2323
11346
5621
12011
2850
8931
1154
8674
9682
13866
15495
1852
13339
1954
225
13802
13110
1222
14552
12471
4453
1955
1927
14069
14778
266
14264
15343
3094
11380
9940
11730
4338
3489
5010
5619
12128
5409
14912
2456
1554
12215
6203
14600
5775
5811
302
13312
11250
8536
4364
13358
3315
3088
7150
167
8778
7049
11874
1503
14719
7375
15892
11123
5575
9583
9428
10222
9923
4656
8143
9215
14634
7792
12098
11261
11318
14057
14542
187
4120
7597
4372
14596
1550
6106
1271
15724
5398
11300
8107
7432
888
6719
5807
643
11219
774
6827
10111
7954
15207
2859
278
82
10788
15615
5496
3535
2329
9451
9519
8868
8918
12408
11296
3882
1027
3007
3853
9819
8703
11281
2235
12089
1020
6333
4717
1827
7381
11859
1352
6089
13869
7298
4829
10118
9659
407
10042
2065
15188
2834
10978
9427
5418
2339
72
7149
10543
6210
3505
749
3635
6103
9477
11322
12819
13516
10803
9098
5985
4195
3754
4914
15992
2614
1292
8630
6490
11436
7940
1613
998
12434
14367
9575
1521
5765
6959
2653
9776
3332
1093
2657
696
6961
14789
8813
12118
4890
12245
9816
4023
9128
5048
11471
13873
178
15880
15487
15275
6024
13828
12212
12833
6656
8751
9847
11766
8246
14822
12061
12737
6937
13967
3537
3122
14215
6520
6359
6431
12172
702
8635
9367
10670
8641
9383
13955
8264
9258
1752
4444
10584
406
1532
13144
1460
14869
1125
11063
3850
5225
6391
6866
6213
14794
7247
2468
9083
11203
11275
15887
10193
12420
2296
12523
3549
12892
4439
4041
11603
14006
10672
10509
12456
13542
8351
8396
2790
11810
10637
8051
9587
14947
6963
7865
9840
11971
1116
10639
5684
9396
6158
5891
4944
14136
7851
14930
3421
10040
10412
6949
13421
8841
5344
955
181
1286
10995
4486
11541
8157
1881
13579
7592
7901
9791
6850
7300
136
9495
5585
6726
9758
12169
6249
5165
15811
4003
9002
3703
7352
9956
9754
6367
6661
4917
8144
15145
250
4302
11369
11841
14388
9028
12949
9371
6030
15979
311
3124
9368
1328
5537
12060
4689
12077
10655
13718
5262
15534
6730
824
9710
3442
6063
6012
6080
3284
3642
4968
5659
1398
940
8179
13930
1247
11976
4519
10914
2395
13289
2991
8529
2426
4932
4767
6375
9822
3091
14525
4592
5029
3415
15195
11143
14481
4789
2981
2070
8895
9187
15217
11234
9987
2358
6696
8053
123
13066
7231
13487
12993
9426
6942
15749
9316
6319
13108
6686
15471
11709
15432
13210
15612
12656
13212
9717
9925
6562
14101
2807
1918
12802
15824
5294
14749
2912
5692
9337
13731
3355
4204
7556
2899
2315
1425
6485
4480
3562
9503
7826
2949
6834
4244
11050
2058
660
3688
7692
3729
3197
10935
14641
4761
10290
1493
11836
9556
11189
1155
9189
3219
5396
10559
6876
9234
55
14824
15990
2828
2810
4649
6346
14697
10882
10777
4695
15575
7051
9678
10656
11895
745
6436
896
14792
9700
13306
14470
11478
1593
988
2554
12999
2060
7480
1823
4751
3942
15239
7261
4161
13280
463
13657
11451
6154
13140
2853
2438
9593
3836
12817
8629
7844
4879
628
15210
636
4275
15504
627
11715
2738
10815
2538
1079
14530
14583
2018
10908
12658
4336
15720
11665
1519
7384
8879
7596
13177
10438
946
9331
6785
12550
4274
13030
5207
10311
3414
748
5348
4343
6363
8314
3638
4256
11555
10530
4488
13575
7989
4915
13171
4929
7775
7126
12926
14737
13294
14216
11595
10190
634
7041
9347
3248
4645
14029
14183
14271
7522
3998
7579
12319
12439
3204
5323
8375
4745
5962
8612
7319
12234
7994
13040
13348
3633
14358
4507
12868
13536
9243
4398
14604
13176
9673
7558
6022
14456
14080
15778
9169
8431
10025
4845
6143
12707
8878
9538
1240
12903
1923
14569
3615
12627
10283
9362
14894
7491
2047
1097
3431
5455
640
14141
11074
9811
11202
13226
10122
3340
5459
6150
6707
2342
14664
10642
14303
6757
1329
3674
4245
12367
4810
15178
657
3262
4577
9545
13335
11095
10919
10717
9500
4099
6028
3235
6744
5930
14284
12450
2502
4157
5849
11987
8100
2743
9638
8478
4307
4019
13862
5979
14967
1694
11703
13559
3993
10594
6756
7270
17
6456
1526
13322
11073
3136
545
9162
9953
10540
12496
13470
9015
6157
8217
14665
15862
7912
9586
2716
1638
3457
7329
15699
5401
5770
14743
14296
3320
6488
8546
13656
3992
12671
6160
9954
6767
5653
859
15225
561
4013
11339
1558
863
1385
15510
9227
10188
8214
7358
6518
12347
11174
7393
12905
11942
10902
14819
10107
3086
8798
13247
8256
3727
7471
14610
4387
2940
4499
14047
501
8877
9502
52
7481
9785
12727
3035
14779
11594
14081
3383
1231
14110
14015
8237
14410
14736
10285
15488
10766
15533
13672
13629
3589
13499
3165
2064
2423
348
7838
1345
2817
1346
949
2035
5748
203
15114
3540
7061
894
11491
1977
13990
9805
7162
12983
1220
10795
15354
14425
2204
8769
13442
9377
5531
6605
4495
14727
5570
2727
4999
14563
13489
12502
14432
2843
11356
7520
6922
6760
2103
11258
7593
4117
10001
3287
2487
12380
14493
8559
8795
9119
11608
6097
7888
13015
6773
15540
687
14341
7042
15248
10854
11336
15620
1359
11832
14018
5890
14443
6250
6541
11837
8471
5782
4588
12655
12626
6820
8644
15795
15201
9141
11547
1929
12276
10030
1254
12374
9609
5513
13284
12829
1547
15799
9706
2071
14780
1476
4936
4123
7648
6948
8660
5485
4511
4386
13475
1481
349
15541
4664
9978
9343
8316
3531
6561
13002
14617
267
14224
2021
32
14949
15610
5571
292
790
8707
12734
13178
5309
8494
2862
2466
12111
11282
15927
3920
4541
13546
2783
3317
1745
10465
13375
9214
9181
11401
14644
11553
2531
5261
7326
14016
3502
1708
12043
5635
868
13234
3469
13927
15257
15826
3095
15898
8372
14627
3503
8235
5353
11640
4626
251
2756
1840
10657
152
5444
320
3785
8428
14402
13935
5709
6108
8705
13795
8606
15378
12261
15764
137
13754
13391
6074
13746
779
8545
7970
521
9379
8541
12388
770
3519
7586
5615
6280
10072
4670
5831
13269
11835
3719
13673
3482
7176
2241
12976
4418
3539
4669
11601
5100
7238
4118
9848
7907
9893
5489
5899
6321
5625
5320
4515
3426
4368
5026
13493
11792
8267
3028
9339
9782
4704
15395
11107
1217
6281
2377
6362
8949
3697
12708
2596
6381
13577
3050
954
8429
969
5805
12417
12332
12445
14369
2831
4376
2262
11359
925
2802
14398
14351
1450
7984
15570
1295
8997
10855
15277
13957
3360
60
1158
1876
15586
6472
2525
5601
12860
3280
13814
11483
12014
4562
1531
906
14448
8336
15922
8811
5204
13266
10626
256
2239
14446
1249
8688
14384
10623
15766
15116
9934
5413
2758
5686
8093
1049
10542
6173
4069
242
8833
11866
13491
415
12427
13848
8013
4330
6637
11687
15075
6307
11558
11220
1528
4992
3741
7720
12930
2787
9790
12600
14134
1262
5265
1728
13845
5080
7663
14022
3945
6121
2443
7339
13768
3207
510
1655
9567
12038
14086
2599
5943
7024
2581
8052
3434
8324
2403
8017
6758
227
9968
7712
5771
4979
3351
9873
399
14305
3390
13142
403
6440
10113
15964
15521
14105
37
9506
3722
5463
10137
15664
15155
8007
3026
1312
12168
14643
12882
3406
9240
11527
15789
1515
12183
7479
10058
9585
417
11108
8453
1401
12381
2953
2007
8207
2023
15
3336
10307
14593
14861
14821
688
5247
3013
3630
67
15584
5297
10754
5609
1499
4881
6893
7106
4937
5994
14711
8673
4251
13880
6050
5848
11637
11381
5467
4902
15446
6347
12073
15421
785
2567
4136
10976
11064
9554
4482
3142
15303
3849
14586
14344
10792
7656
3370
12124
1332
15091
13277
11953
788
13042
15424
14447
4809
10180
6950
1002
1576
7117
5116
14889
12173
1523
14683
5618
8463
1094
3961
3177
1807
7535
10615
10898
450
13687
13748
9976
9300
3303
14137
576
11440
12813
12012
14390
11939
15081
308
7341
14058
14613
14693
854
3933
1259
7137
12758
15848
5184
12657
727
11421
5082
14120
12979
12206
13800
13977
8917
7690
1671
3931
5179
15621
101
6543
9328
6530
9834
13034
5299
196
14594
9268
5847
9190
13438
2283
9218
5762
439
3538
10225
3133
9836
10999
4292
13501
3976
100
6891
769
15334
7228
7998
12049
3720
8148
19
4128
9720
10588
3772
4986
7346
4442
12606
14632
10380
10641
1867
2019
14625
7993
10755
5111
1912
11128
7755
9826
9937
9412
6593
10804
11409
875
15794
13508
6801
15931
7189
4226
7466
4722
3437
10891
9783
6700
6803
13992
9508
5657
7166
1214
5977
13253
7070
7980
10580
14483
14845
1700
9261
13893
1940
8801
4268
11818
676
6382
15613
13752
182
9059
2661
8742
12292
9527
8830
3822
75
15157
9963
9018
8695
11287
10582
8042
5528
15107
11561
8295
3258
3522
14684
6415
11671
8617
9948
4930
2049
2710
12913
7053
5759
15659
11629
13773
7179
1119
8277
2470
1280
15678
3244
7159
1978
2457
7609
7314
12050
13111
9173
9927
10264
6458
13405
13947
4150
11413
5349
8627
6791
528
9681
9289
8588
4277
14577
9992
6136
5251
13534
11439
6856
12329
6706
10740
6201
10325
12980
6833
5402
8111
10346
11989
12871
13492
10444
11831
14629
13443
2314
11755
9497
1580
3495
1559
13407
15414
7615
1288
11378
5086
10745
14406
11544
14275
343
7979
10576
1963
15886
77
965
8266
9460
10320
7058
12581
8223
6016
5796
6405
8501
12258
597
12233
3517
5631
3831
15368
8149
10528
10262
10163
4337
5845
4634
5283
4796
5536
12881
10859
9483
10171
8096
9493
10363
10979
2876
8573
13651
8400
14237
7856
10668
15153
12982
15242
15067
1998
11447
9773
9101
10249
13320
6056
8909
2092
15205
13805
4705
7433
9338
6746
10536
14700
5818
10358
15098
10257
14943
1951
6535
12842
9094
11200
6904
1194
14495
4346
2901
15829
296
11480
7132
11052
1693
7458
5064
1793
185
6372
15475
3477
10675
4786
3193
10514
9040
1891
10330
9447
8534
7371
2934
5605
2407
5974
12975
1914
6678
11237
9880
1440
10263
7382
15194
14299
3030
2025
4850
5729
7160
13999
492
14720
14562
4067
15278
6918
9669
4339
103
14488
8646
9445
112
8694
1747
11952
9376
2641
471
7639
7387
13074
7255
8190
3595
13604
8667
7909
13431
7536
6069
13193
13628
1658
3864
2563
6051
5954
14421
6534
2168
13352
1705
2326
4640
2435
15995
6258
8578
10537
2826
606
12799
9969
2659
24
3402
3715
8589
12582
13204
2918
2327
11926
757
15642
10196
1387
642
1792
5377
3779
5436
1317
5801
7683
331
3955
8210
3929
12546
48
8306
14422
8584
14721
714
8919
13995
10843
3090
2251
12624
2544
6704
11046
51
10833
4842
6554
3787
2123
4284
12603
4135
13027
9549
11983
4440
10501
3827
12774
15259
11985
12610
8615
14782
15691
9557
3590
3533
11018
7201
2214
9052
920
7425
8331
1509
12964
15213
6907
8670
2062
15156
12739
8349
10414
598
7045
6643
15062
8000
2219
14393
12338
8736
13150
6107
1670
11793
15959
2844
7206
13684
4109
10131
13476
1349
2836
12026
14954
7602
6651
7362
7085
12037
14919
9089
12792
7632
2543
4151
5050
5731
412
12020
4864
2837
12133
976
10397
4682
4105
9663
15763
15661
14154
4884
5296
9160
4908
15071
10651
10744
13023
1991
13928
2213
7212
6344
1750
8748
2099
5231
2032
7745
5289
7241
2205
5166
6322
14529
12042
3627
7421
7386
13372
8444
2231
7627
9709
10270
11538
3278
15912
8080
10880
13457
951
11722
8678
4303
11865
2928
1830
9441
12956
6055
4246
8939
14744
3701
6951
10966
2412
3433
2989
635
1802
14063
11767
7109
6215
1267
14933
9745
4885
12561
7682
1800
3089
6475
11607
14124
10782
9103
8781
966
6001
408
4077
5719
15124
13075
10272
2846
12637
4988
9310
11697
8535
12530
10633
12583
15514
6594
3978
13678
12142
13901
1662
8676
10056
8914
10522
5654
15648
11548
15944
15688
1092
9871
14023
7834
2223
193
14049
4133
14031
9686
7068
15316
248
8114
10267
705
12015
4553
867
9395
5406
15072
4252
9630
8702
1278
6378
13256
13084
6864
11753
5935
9308
6985
12074
442
1077
1180
1427
14453
10824
2171
4295
6527
5408
3657
5783
3544
366
6464
12108
7742
14379
9138
14771
2153
13883
1713
7278
13036
10354
13328
1591
5978
1140
7435
11625
5776
1361
9716
10355
9192
1426
10451
14065
1461
8283
9522
4191
5217
11195
9148
10070
11488
12326
12722
5514
10037
4981
4210
9591
3218
4782
5727
6821
6438
8311
4772
3364
9833
4637
14751
13624
6547
9685
9264
13723
10488
9661
4296
4465
7928
1165
1121
7796
13589
11068
14979
330
8832
13113
15823
4848
11682
9689
9555
3234
15429
14232
9410
1945
2125
3579
8040
11387
4206
7031
7773
12192
13792
15318
9075
4201
15056
8516
10939
2309
8106
3455
4836
6860
7165
15594
11648
3949
9898
1665
10381
10471
15273
5360
6045
8176
1751
1854
3291
13068
15456
5089
9835
6071
14424
6403
11316
7400
9562
2365
1412
2618
7815
7394
8995
4852
2399
15204
11292
11263
1524
11591
13909
211
11554
5224
3593
4427
15604
1189
10168
2561
9584
14071
7952
2774
5219
9907
11738
4080
12670
4513
6654
1533
5380
8012
2166
12654
15960
7508
9933
10687
9844
4247
11620
5634
15123
14712
9170
7182
6689
190
8976
11614
8472
5420
11901
2613
15164
13073
6460
3160
342
7762
6099
13164
1405
5014
9216
782
15569
3488
11490
533
5650
10519
4647
11059
8451
2319
15899
3930
14353
9860
12825
1765
9306
1260
6652
2450
5499
3252
2295
14266
6960
4967
13317
12239
5042
2312
8762
8787
4024
2207
7962
12146
8864
10436
9610
3046
1486
7316
7619
5000
8238
6096
5043
4589
2927
9825
1436
129
15942
5422
3852
10853
3718
15176
3002
12301
1810
13001
12927
1860
11325
11920
1788
2941
3778
2110
14702
4869
4225
10975
5255
7210
8528
11364
5708
14461
1570
7636
5468
2080
8469
9801
425
15048
15265
14973
2709
15291
15035
1619
7861
6120
5351
8981
8766
8098
13310
10924
963
15651
7566
161
5703
15458
10493
47
7397
15266
2910
5118
6305
10523
13478
960
12643
10133
10901
12328
10472
7178
1197
12867
14890
10558
11849
12498
289
1443
310
5784
13760
11570
12796
9995
5085
12625
4680
13000
3461
1058
13051
9560
12703
596
9824
9672
2469
3925
10507
4273
13974
1044
8700
860
12119
14123
13243
15272
4941
901
13658
10586
2560
3803
4264
11445
1933
11884
10247
2131
2173
11289
7635
12440
312
13545
1703
11116
12772
2628
5578
11812
8258
5157
11679
12057
8752
3712
9657
15585
163
10059
2272
89
486
10291
10298
14252
5383
11205
13502
7739
8369
9857
4328
14862
9631
2619
8298
616
5984
7946
14904
378
14694
5230
1726
4741
13753
6316
6800
10231
6738
14960
1717
14389
7831
11708
8992
5952
11266
5267
12309
15977
9281
3382
2042
13590
2676
15352
12621
6320
1736
8935
537
14657
11969
14639
8058
8814
5281
614
1179
15878
12717
15379
12036
1006
5671
6419
12761
9983
10794
850
13346
14415
5886
8236
10573
13302
13219
11353
7713
2639
11398
13271
9993
7514
10221
7705
2278
5442
5642
2754
12418
11305
9398
6848
4730
15792
1782
14501
3471
11581
725
8353
13523
10866
2532
7728
9596
15223
5440
9624
1683
11777
4114
7007
14177
14838
13951
2780
6491
3424
11863
7754
3818
10366
7804
13765
9605
7607
7156
13764
131
12416
8989
3249
11199
15915
6478
14148
12873
11072
11081
4301
15583
10134
4406
645
13993
11343
4436
13877
3529
9184
7438
4907
10547
6257
9432
14373
11801
8784
6991
11949
14347
13961
6728
7017
11038
1816
8105
11088
12820
4892
1973
13060
12158
14839
13960
5541
13737
1715
2357
8569
12984
15328
14953
2183
1419
12205
8846
6058
6186
2391
5206
12724
10125
8333
12831
13553
15380
15493
5416
15333
2666
13301
12986
9553
9829
4493
1902
8614
13041
9612
14707
12383
23
2730
5516
1068
3791
2979
1344
11482
15133
1213
6570
209
3299
6138
9924
13252
8260
8249
5898
527
15777
7016
14666
3880
3194
10469
8491
3611
3130
3305
9135
6446
12712
13594
11695
11945
3033
7217
15776
14074
7716
7652
6954
7915
8920
1910
5088
9191
13798
5690
5902
10240
13465
11834
14989
13046
12284
13740
20
9399
7457
5725
2759
8370
3468
3118
15171
6091
2874
7931
1685
4768
15461
11701
12055
2008
9778
1824
3255
6846
15441
6264
513
8711
4419
1122
5198
13889
13847
12216
5035
4748
4497
6423
1538
15637
10172
8050
805
10368
5779
13235
15560
6784
3839
1021
10838
3802
8315
3227
4824
736
323
605
10818
5346
15440
4893
3306
15885
786
7032
3924
13086
1623
10006
7161
3487
14863
7905
482
12373
4776
1863
13447
3690
11158
13832
9309
11804
9200
9352
12460
4073
8303
5329
7155
2432
982
9851
14603
5972
6385
7279
15973
9139
12810
2907
9570
3563
9614
14226
8971
8416
10627
361
4708
9077
2511
15347
12199
4051
5698
13344
6962
10085
189
13012
2824
12422
8905
5220
12612
1709
10276
12850
11118
6278
11707
5881
4598
11124
12682
8079
5693
13775
11586
5244
15008
14809
11539
4125
2696
3017
6999
14857
1400
11780
1174
15511
12899
9814
6755
9767
4788
8699
12513
9260
10533
4181
3269
550
81
9047
5717
11228
4955
11168
1175
10671
9446
2962
6829
9751
6255
4425
8203
6394
5502
15676
8645
11974
516
8965
13585
3192
3176
7789
14891
5850
5603
2160
8631
5373
1462
5591
2413
14400
12442
3956
13469
13416
4449
2499
15350
6659
9082
15384
892
989
4975
265
15884
6368
14206
10022
4642
8325
2752
9457
6536
7199
9695
8963
8602
12632
8092
2130
5867
10106
6517
359
4186
9463
3975
3694
11338
14265
15774
9110
7000
13966
11288
15650
13376
12505
9830
7857
13565
4160
8637
7968
12342
8310
11149
1725
3947
10577
2626
14975
12334
6387
4658
13867
7824
1465
8228
936
650
5969
15078
8465
9802
12645
15851
4483
4993
6454
14127
15972
4324
1684
12885
11022
7843
1772
2255
13713
3584
9019
3376
7722
9125
556
15415
1548
6931
11185
3387
13035
11293
14852
2704
6769
14258
4142
10183
11256
7184
5614
12557
10848
14350
6042
4049
11272
15574
11181
2736
4095
6615
1861
12018
7118
6335
15937
14416
8768
6054
14578
5159
13550
5441
8003
1946
2306
2516
1657
4662
14026
14371
7867
12134
7963
9597
12413
6819
15930
11260
7025
5627
13003
917
7079
10142
419
5597
15614
6737
12025
11739
14337
14191
14449
3705
12628
13217
4331
15658
6095
14454
7439
4413
12377
7468
9929
12455
5501
10034
8346
11750
7005
10789
12270
4158
10716
15019
14828
11689
6116
12880
10616
226
7360
7134
10597
7583
15809
9217
7706
4431
1970
6924
1363
14318
11744
2369
6912
12252
325
1265
1948
11104
1642
2364
9769
2291
4205
11743
8495
12409
1791
2409
526
2383
8746
3326
15947
7565
11830
13582
10144
3354
15863
12587
13459
9820
7322
5172
15187
6337
1485
1166
13427
2484
1605
2645
1024
9853
13650
7991
5557
15221
2711
11362
3871
7130
1869
9198
3408
6170
12830
15770
14624
6247
5957
440
4566
1733
3366
10439
15768
2971
5555
436
9768
4248
2159
4043
10335
1067
3508
10621
8856
13896
6308
11872
12579
5706
5214
11297
11040
15660
13921
14582
592
2968
12516
4238
7580
13609
15406
14157
12586
7782
10607
13926
1075
15617
2852
1753
11822
66
5793
8171
994
3213
10152
5592
15286
2201
9373
11126
12368
12160
7806
7809
6979
13120
6632
12003
7084
2803
6625
3555
8580
9704
3330
1110
9375
8046
13989
6294
14759
13639
14208
8387
10590
14397
14755
2052
5554
6899
14982
9465
11423
10885
15435
8945
6514
3592
5404
4353
12750
8807
7686
314
6804
8055
2006
14178
3268
13031
13900
4312
9565
14901
4166
9332
9319
9651
10386
9544
15654
8930
4466
2176
3843
9280
7947
1534
3282
12920
7244
1276
2506
538
12236
15832
11994
15342
7233
3798
726
13509
22
685
1530
10041
6610
3588
13480
15294
2587
7108
5517
5924
1866
7760
4636
387
7281
11135
13763
12488
14681
430
2390
4561
6716
3888
2597
13973
930
12458
14832
7819
6270
11023
4667
5656
9952
2820
10485
4712
8426
4437
13528
6551
6722
12122
2417
13215
2572
10599
8173
2548
1263
14392
2924
12264
3098
5932
6708
7274
13016
995
15346
1631
9532
11033
11904
7973
11133
13982
6209
10331
9279
4753
8928
5148
12721
1252
10273
1389
3724
4111
6291
12824
14469
12522
9230
8061
8124
6448
6427
8757
1383
7424
7452
13057
7423
4093
2897
1296
4356
3965
4692
8511
2013
5908
11173
6597
1229
6453
6748
9574
1808
7018
2317
1741
12389
12344
11324
13044
6759
12884
8209
15528
8425
398
5038
10834
5367
9202
6957
380
15329
15005
15209
7568
651
13755
3685
5608
12369
4516
13311
3989
12923
9770
15524
13369
6008
3343
14301
9251
6380
3076
10049
9800
7864
8019
1054
8638
13899
5430
7538
15801
11899
15413
3543
7724
13690
15170
9632
4918
11761
10481
2331
8887
4718
7269
7239
3958
5317
1198
10525
5114
1139
10957
9671
240
12936
10086
10511
8881
3065
491
15565
4639
3814
11246
927
10504
5174
5127
13572
15998
5163
15904
15478
4100
10179
4721
14281
14623
1137
15656
6049
11618
8590
15997
11748
12470
11727
10084
14207
12590
7205
5755
1675
15798
2270
843
1216
11514
15462
11593
872
2493
7578
10246
15819
8785
7988
14840
15893
15200
10934
2592
3625
1797
15100
13246
10858
8979
3196
14757
11041
12501
5794
2045
4112
13356
179
3205
10778
14116
10983
6608
12010
2869
3968
15267
1182
7011
14636
8356
6879
2534
10462
3039
6451
6676
12165
11632
2225
1086
3846
13278
5098
14476
12816
15341
5778
418
13902
6330
7344
5981
4644
4769
7823
6006
4228
5068
7892
13595
12154
5330
10823
689
8760
1168
9939
8361
12406
6325
14385
1255
8424
2202
13160
4381
4396
8265
7465
15708
6288
11877
4887
3112
13644
120
370
9245
1501
7721
9590
15183
9644
6545
10029
2887
2761
1839
10212
10065
9302
14833
5744
7521
881
2374
11163
15507
14330
10239
11571
1187
15112
14288
9335
13621
11148
730
15538
5338
3990
15879
1805
294
11384
13449
1648
10450
4146
1347
11244
9648
1627
10399
13882
15965
5189
2799
2906
4819
2180
3564
4005
11919
12190
1993
5687
3497
2363
7595
10761
13264
3541
11757
3792
8066
6075
9066
2745
138
14992
2034
5539
14386
6200
6015
15254
13411
9760
6944
10784
7605
10802
14653
11151
4703
3789
4002
8089
14165
1835
9423
6041
11235
11465
9484
8031
9455
8166
8059
13115
8855
15714
7431
6986
11627
15199
11254
1712
9895
9697
10294
7975
5810
11776
1801
10723
9629
207
6497
1402
13138
11998
9450
4472
5975
15255
7267
10051
9318
13279
6425
3084
10274
2805
7657
11717
6411
13196
5787
4500
3639
14306
916
375
11097
6584
11720
3851
8247
15577
10082
5678
2988
5208
13942
12832
14688
13332
10391
1748
13192
10395
9365
12745
3339
14783
2638
6175
12580
7830
14753
3777
9248
9772
6251
7154
1796
15015
6619
5343
6228
6230
3300
8446
3883
7719
10206
869
14108
5854
10985
8476
11049
5757
7869
1297
6355
13664
8687
116
68
3988
7257
6177
6293
8125
14621
11683
11948
3491
1699
10842
12515
8021
5173
7630
10686
7511
8147
7121
6878
8225
4014
14905
5456
1437
14900
13813
2772
5446
10640
4154
1483
11497
13359
6909
95
10220
632
13670
13861
808
14395
5036
9684
4457
13719
6246
8028
12663
11392
1689
2498
376
14228
4595
6312
11309
1269
1273
14199
4775
10730
9305
12097
2367
3682
4870
8319
6452
4235
4702
4584
14991
2400
11605
15669
566
1337
9296
6929
5368
12045
2221
14185
10752
15288
1874
3397
4709
10981
2055
2528
15320
1617
15715
2671
8836
11348
3056
11909
4289
15430
8786
6473
12527
5885
5342
7649
2242
1133
3666
2858
428
2285
6703
14131
1625
12371
10846
7631
2539
5772
9051
15361
12630
14030
8347
7374
4282
1215
15695
2010
12748
8452
9064
11784
12954
7055
3277
6705
9229
7601
15785
11496
10502
5385
8032
10836
5827
933
15192
10828
2482
12452
6837
7841
12271
10478
8648
7220
4871
4774
15083
13602
5855
8587
11924
15000
4140
5490
6332
6409
12922
1491
3331
9418
13194
12032
15527
13446
5685
6349
8299
9771
14140
15869
2796
14336
12063
8873
8625
866
1766
8461
9476
2574
11826
8395
113
14723
11249
8464
8531
12398
1414
13981
1814
2497
2791
15712
12526
13377
3661
1432
6997
11763
2397
11476
1582
7229
11312
4378
5113
8095
985
6902
6339
4898
2189
7332
915
11164
11415
7036
15762
13573
15974
3983
13887
5412
12900
1847
11678
15911
5460
11494
9877
3765
5162
4970
9558
11229
8651
4707
4812
10309
11508
15532
11505
5662
9012
3458
11723
1282
9400
8010
13351
14076
5956
2455
5652
6526
5566
14044
4269
9093
198
15399
2880
14346
15022
11210
10387
12278
14291
8006
13969
14752
4674
6369
59
6777
7027
15889
10700
6836
14055
12925
10715
11035
12978
1129
462
15466
10039
15550
12067
1828
11623
6763
9023
8070
9356
9435
10398
2605
79
5873
6788
3243
6778
10827
15326
2303
7100
9287
6351
14441
10557
12856
15875
5181
14186
6248
10691
1235
7876
1264
6141
2734
15628
2490
14977
9440
15753
11087
3668
13387
5822
13485
332
1956
3897
1417
7258
9353
8355
15900
9845
5497
3452
12528
15982
2148
4233
8263
15882
10093
2590
2685
8146
12862
7948
12525
4239
2177
468
4039
5032
7918
4928
11867
5840
1654
15725
8135
9698
8943
817
2274
7403
14343
2324
12851
3141
13918
14245
784
5722
7186
12265
3755
9222
431
12692
13819
9514
5223
2577
14024
2039
4058
14981
9774
7243
15219
2344
7116
8427
13564
5493
7177
1783
7677
7687
11622
5512
6861
5278
8141
3484
3456
12202
12034
10303
2777
11772
11079
10667
2194
2186
3530
652
9568
5629
2362
6516
14810
6669
3819
9167
14559
14113
13366
9813
14472
14605
6641
1447
13931
14175
2742
4088
14436
3128
11542
7306
369
14061
13162
15190
5738
2692
2788
7974
10852
10094
10683
4923
184
13886
360
12091
5094
6345
2458
9100
13083
11243
8219
15572
3119
2106
5580
2681
8941
12324
6817
1585
5269
11827
12358
12906
653
13444
7978
9458
11204
1074
14611
6515
3902
5666
14471
12911
9231
12400
5008
8843
175
9225
14633
3152
14430
8983
14420
5083
2562
299
12040
1937
15709
7964
10027
2819
4559
8082
11213
13402
1557
12395
4028
10993
12240
1162
6885
10321
11214
4585
5564
1645
7216
15909
5960
14970
5135
4832
13676
8380
5445
8278
14467
15705
13996
12704
4528
3570
2449
8790
7496
10813
6139
5877
517
11109
14239
11611
13233
8610
555
9154
10949
6772
13694
2172
11391
14233
6477
8624
4059
10392
2546
4416
4066
6606
8417
752
4240
8432
12723
5728
5202
5280
8421
977
10847
11358
7392
5581
1391
6548
6754
7871
4441
15184
12940
15830
15595
11399
883
9733
13468
9487
11816
8738
15249
9764
7548
15113
6007
775
9084
737
15403
11543
4012
8510
125
15901
201
1445
12463
146
13126
1542
11572
7069
313
6130
3617
8385
3173
5556
1909
10347
7684
4552
760
862
3216
13797
9342
4551
3445
5306
823
15846
9839
14021
1375
7942
4916
15324
8206
12457
11512
9303
295
14676
9291
13634
514
6433
258
6723
4358
9274
907
15918
6336
15635
15033
1484
9683
6559
9390
12280
8594
11615
13834
14785
3308
12247
8554
12615
3015
10456
12731
12335
12274
9422
9065
8389
15952
11366
10376
9013
1584
2185
5674
3516
6302
1974
13227
3761
11698
3293
10121
2238
13014
12487
837
5742
14041
11663
11844
2237
3247
13263
9582
2191
11587
15150
5754
12464
11702
7472
8137
10765
5704
13422
14189
6692
15935
2246
2715
4508
11807
2630
3510
10057
4209
2320
73
9747
3863
8282
11523
4405
3070
3067
2345
15631
7157
2352
5128
2507
6913
12848
2647
7422
5705
11283
5335
3381
13382
10424
148
14083
4021
7710
14164
1943
14512
15271
773
9910
3125
4874
13645
1134
433
3921
12694
10132
14969
3637
11416
8561
2621
14135
5853
11817
3684
6933
5498
9315
14818
4332
10345
3108
631
2382
141
12746
15815
15723
7377
13430
11907
10896
8457
10680
15760
4808
5471
11728
10382
8364
12688
11956
1755
9366
12407
1164
13071
7951
13063
12364
14941
14812
14166
1076
7038
5341
3189
4316
4889
9928
500
14803
1994
8564
6323
15028
9419
8946
7757
15702
9613
10265
4756
11047
1611
3001
437
8514
3115
3906
4389
1789
6966
3885
2964
5009
7881
11815
3275
13791
15492
9998
317
14171
4514
4178
2913
14387
7454
15463
6253
9913
421
11803
3740
13467
7412
8542
7135
1202
4720
7057
2898
11294
9006
5617
8525
2955
1553
4063
7419
13260
9810
12634
490
12512
108
1606
14187
3671
15058
12989
10505
10564
3602
15422
14540
947
13032
9381
10868
12148
13705
3225
5999
523
5982
1342
10473
14687
40
6981
5259
4997
7152
4623
12567
12801
7749
3170
15932
3748
2051
4725
7091
15433
9674
15454
6119
14817
11211
9283
57
8099
12121
1455
2392
15537
8044
4008
6182
14184
160
9728
9919
7929
5266
10701
13612
6180
8803
12187
8187
3534
4162
15448
13450
8362
9864
1307
8724
13360
13236
3991
6591
2607
8804
15896
2879
13607
12827
3935
15374
14248
9022
10468
8411
1150
15735
11008
8774
9074
2701
3598
15704
15198
5803
3721
10252
3463
9163
7953
12698
1466
11798
3821
4393
9344
13652
543
4255
10711
3585
6996
14100
2884
13625
405
8730
12659
4896
3609
10767
9266
14925
13924
8623
11643
9473
3333
13316
9668
7029
11238
15618
9687
2533
8789
12946
10775
12302
4847
13566
6113
3908
5371
14837
563
14980
11506
9635
1630
4548
9482
797
3904
195
10662
9718
9901
14099
8071
13661
6412
3586
15855
1478
9737
15844
10312
870
12370
9299
12601
8397
10060
13257
1992
591
10930
5375
15483
9676
7524
2726
10050
13309
499
7305
9102
4390
10186
15933
6118
3524
4641
8936
15842
10073
2116
12303
1316
15683
11271
8692
8884
7735
489
14704
800
608
7740
2145
10964
4564
10352
10068
11716
9005
6135
6882
5670
3161
4141
7689
7380
12568
4567
8072
13812
14599
7268
14549
10281
10241
9498
6862
4214
15769
10689
7311
10250
3907
14715
8650
14826
15800
8672
13188
3895
13598
11530
7863
5595
15499
11762
2346
14059
15546
12743
13956
4265
10654
13368
14434
13975
498
12577
7799
4891
1628
488
14848
12001
2233
3504
12224
9885
5951
15490
6946
8292
15732
4429
1066
14133
13780
15261
14034
3817
14995
11449
11142
1776
5245
1107
12194
3771
6575
11898
7924
3650
11225
1673
8128
10785
3695
532
1207
2694
2203
1407
5235
10374
8076
9868
8562
9492
7080
569
14106
4894
1096
14457
11880
7065
10148
9063
13490
3710
10888
11236
5065
14830
14270
4913
8850
7409
11651
5011
5712
8198
15459
1378
10411
2973
2677
3577
10087
11438
2769
15465
14898
15544
13879
12853
15681
11021
2444
10314
4940
8776
11127
12226
9055
15497
14668
4861
5478
4742
14300
6740
5508
3927
1865
3640
12674
7529
2708
15002
6430
7010
9180
13677
5661
3479
14918
3181
4468
10685
4433
2050
15822
12944
14814
9269
13522
4089
1941
14798
14550
11619
14524
4102
11221
15531
1128
13884
15407
2797
15387
10553
14927
11242
3211
13473
13871
6865
14427
7673
6808
15793
1844
7187
7429
8255
14438
12225
10713
10821
11315
3302
1456
13329
10664
10280
6510
6240
13183
11303
13970
3486
9079
15750
11137
12701
11112
2586
1078
4321
8041
14142
3805
11573
6892
13305
13088
13206
8212
15377
8998
10829
10458
3292
5926
12320
15474
5384
2770
7585
11025
5781
5164
12585
5919
14917
13019
15094
121
11921
980
5613
5081
11360
9634
13378
12495
8160
2825
5134
5710
11993
7750
5914
11103
10129
9298
11636
637
12397
12574
7402
10388
14731
7490
13050
5141
9001
2878
6376
12260
3172
4570
3411
7273
6492
6005
15535
10479
8652
1034
547
8820
5676
7971
587
2959
8462
13471
14289
1492
3844
12514
11886
10323
15138
2086
14261
1039
5394
12687
5037
13903
1433
2504
10324
12706
2224
11166
2894
3260
1864
4505
13197
15781
11394
5636
11582
11355
2014
15567
14374
3378
5691
15149
7748
5638
15485
675
15611
12564
7
8437
13789
13342
997
14214
12702
9016
5504
11141
12289
5675
3834
13026
5298
6350
5161
12932
12620
8342
10629
1568
10646
8596
5393
15018
1070
13333
14464
4308
14440
2138
13515
1463
15315
13293
7028
6658
13274
14027
15513
7603
13779
4294
5376
6875
2678
9437
10236
321
2368
15804
14475
1695
6713
7482
6729
4604
3855
381
11428
4423
13251
8745
2
6112
9041
15494
7744
1635
519
1246
1756
5643
1664
1319
6642
15102
3919
600
11333
13688
10233
9130
2670
7836
8022
4182
7599
14313
8960
2361
3466
5188
7337
6397
12399
1769
177
1738
8987
12058
10790
202
6956
8280
7902
1309
2425
4759
6476
13254
11860
10992
5552
588
264
1995
12896
4714
4107
5515
10310
7617
12052
14138
6354
9403
8377
5147
9029
3273
15365
8502
6463
15816
191
7530
1602
2489
7549
15623
15738
7461
12282
336
10647
8049
9991
1809
3847
14998
3620
3223
7512
7296
12425
5391
10434
4663
2263
1660
6027
4558
3113
2786
11233
13451
12849
11964
2054
4122
611
10362
649
6731
13695
1716
996
13777
1939
5411
12953
15643
5183
10454
13965
10182
6972
10496
15073
7553
8441
8831
11513
1770
7136
4106
13738
14946
14567
217
8300
14799
12778
8382
9126
1111
2520
14915
8773
13702
97
6444
895
8772
8270
12553
4691
15987
4180
12647
12251
6486
4257
6691
6870
14450
1851
1737
8732
2683
11162
845
14786
5834
13952
9322
8586
3307
3716
7780
7260
2376
4950
8168
10884
10598
14040
10189
10524
9650
14324
7934
4911
14601
9759
12690
1815
8808
3117
3973
764
6842
4813
2446
5923
6886
6693
6883
10466
10203
9370
4654
11693
6626
15747
6977
10791
2513
5546
15716
12902
13649
13321
5548
10871
7665
8647
758
9420
8118
4243
7294
3296
1506
5997
15646
629
14764
346
15744
12700
8662
5521
10938
12039
11368
10968
13456
700
10101
11388
4697
12633
10923
2066
13538
2822
6624
9740
10845
3023
7428
11277
14067
15068
13929
5871
10207
134
10760
6810
13838
6687
5680
10817
4951
11051
15841
15117
3228
6424
2108
2733
13850
984
5929
7788
5942
1350
2956
8741
8984
3256
364
15319
2017
6585
10495
15739
1284
1862
3062
11160
5483
10556
7207
9378
12973
10944
9067
12363
4287
14329
3951
12065
7348
11897
8313
13199
6650
14213
554
8593
13597
7144
11995
1170
4475
13583
15057
5034
6167
14146
2218
9053
9350
1188
5883
10110
12339
2551
1012
4798
708
199
12934
7415
2061
5291
12131
7265
14870
9867
13531
6009
6420
15852
5201
2304
2735
5895
9442
12784
1898
3224
98
13098
4676
710
12972
10003
4115
15077
7972
14860
6646
11534
2673
8221
229
2960
7413
10658
14007
5715
10475
8322
13727
4175
3523
1131
5254
14277
1674
11146
12162
3946
5260
15864
2888
673
7464
9329
3693
8570
13381
12710
509
8889
10089
1209
6142
9588
11499
4447
5058
7359
4665
4132
7943
15731
1446
10048
1381
12315
1932
8443
12841
1011
4190
7517
12665
570
15784
11134
7420
3875
15302
15657
5819
34
10753
12345
1842
11466
7092
3654
14411
8086
5450
803
9827
4910
768
929
13806
3044
14713
7723
10403
6018
5234
14426
8327
8384
6470
6123
1082
4286
2714
220
14566
13881
10474
8860
1388
2117
11379
778
180
4496
8410
11589
4977
2999
13796
274
11092
14355
12029
10807
5284
13350
301
14174
10418
9205
14112
806
216
11406
8988
8352
6673
8075
15562
832
7280
7903
12484
8661
6578
1928
10116
5357
10605
6747
14994
261
8191
13184
6698
268
4920
11372
11190
10634
3628
2818
8408
8401
12035
4471
535
11869
7129
1663
13029
15357
2332
5069
15679
7460
3185
11893
9564
15910
9724
9889
6496
14836
2453
485
7324
11560
5802
11662
7899
13844
9199
13732
2776
857
2491
9050
10066
5221
3338
10038
3182
13729
8293
12228
7434
7414
9105
7817
2646
2557
11696
577
13412
6874
2651
4882
11673
8323
7139
3884
10443
15177
9762
9235
2569
12213
12847
10825
2939
13218
3572
1256
11562
244
10787
11915
63
13758
935
13131
10123
903
9841
5415
10255
4305
4383
10963
9454
13941
14375
9345
13912
3820
3111
3636
6457
10991
15051
2741
11013
15228
12070
12354
6073
4579
3257
9249
13724
4124
2749
2394
8506
3994
11201
3045
6970
4766
12883
7629
6082
2120
11486
3692
1250
2547
1850
15097
4460
1727
4625
5806
10467
10266
6840
12436
9027
9034
13393
12331
8802
6225
1430
11791
15894
14935
12641
10016
1988
2095
14654
11628
155
3672
5905
8714
1331
13518
1399
1026
4062
12238
413
7246
10492
5241
6675
5102
15765
964
4964
3470
6826
303
11060
4048
4097
13093
5286
8929
5732
13854
2719
14793
14849
4927
10731
7442
15970
3587
14801
11616
6179
2660
12449
1573
5600
333
5786
14692
10096
11584
15810
7097
2355
5012
530
6923
4539
14754
12157
11354
1500
4971
7913
13069
2371
11284
7768
10442
12755
12426
6207
4880
8944
3163
1540
1480
3952
8112
11007
14267
4237
5857
10996
7304
3698
7074
5461
13119
13130
14412
10176
7941
15418
852
10602
11259
2366
8169
15241
11111
6067
744
8233
8948
8893
11377
7044
6532
4510
11684
12285
11477
12297
13824
2565
761
2664
9888
10913
9906
2485
11171
4760
9738
9494
4826
14762
1048
6032
15934
767
12208
1818
8183
1098
8753
4071
2281
1784
6647
9654
13739
9578
7612
9241
12477
13815
4706
9036
12872
7223
8557
12446
9594
14005
5212
5790
15345
2835
8783
14662
14084
9883
11633
4688
10400
8383
1947
9947
10947
8663
3233
1055
5815
5366
10238
12888
2529
3069
15297
11533
13642
8360
4683
13486
13689
1706
1411
15049
4973
11426
937
659
13714
11509
8828
12443
2974
15856
1587
13770
6540
5937
15519
8178
13557
12756
11295
1773
2033
1778
6062
85
5892
8577
15981
13539
12031
10371
5432
4334
8715
13241
11224
9694
962
11463
10728
11778
8318
1080
9981
7488
4952
2902
11461
9453
2098
4082
10867
11410
3285
2642
6259
950
729
86
3425
6358
7874
13860
13963
9448
4591
14823
10567
5331
10518
15472
1795
7777
4217
8102
8216
1379
12575
1367
12308
6734
10348
14834
10593
6413
6086
13143
9459
13132
12781
1837
3373
14671
1856
15282
13907
3143
8859
335
10333
1535
5057
8268
11058
7840
10128
41
10416
10464
401
6695
14843
9849
11997
2228
13462
9070
9043
14257
58
2558
3730
6573
7282
140
4648
10036
293
780
11257
7355
7685
3662
1787
5210
4978
2861
8129
10292
13463
13365
11020
10592
8454
5492
7251
8592
6243
14993
4635
6389
13846
2056
5
2244
13078
3274
3451
7807
6525
9026
10214
9975
9433
15449
7759
1610
12196
11732
6633
11846
518
10587
2350
10527
11442
15730
9878
11925
14938
8950
5175
11774
14630
2595
4492
2705
12809
10727
6582
1354
10864
6934
3159
4996
1701
6434
15588
2541
1907
