4534
1821
1028
6590
6021
5495
2780
6839
5221
509
4530
5166
4139
4005
1788
2119
1076
5405
1200
6110
1685
4241
5897
2451
1872
167
3485
2004
3439
7743
4269
4674
130
4726
3036
4940
6678
6112
7359
458
439
2070
7347
634
4973
3079
7664
6063
1536
4292
3821
6594
3475
7085
4809
5499
277
5304
5776
1509
1861
1443
121
333
22
1331
5576
6324
2190
4561
1294
3013
7460
7176
2736
3867
497
7859
2109
654
4955
2179
5488
69
6348
5616
5180
2936
1374
826
4282
6577
2759
4330
5573
4787
2539
2444
3389
3647
7824
4806
1039
4255
1016
881
1507
2624
3231
4230
5045
2527
5273
3148
600
4522
5793
4016
2622
4371
2236
235
4769
7522
3210
3703
7148
2454
5948
5283
4106
3732
4021
5398
4798
625
2066
7436
5430
2149
4129
4000
6080
3898
5870
6513
5301
3215
2954
248
6931
3386
1582
6747
4348
3474
5698
5329
3826
3837
3298
5030
854
2011
1450
6257
7422
1592
2204
3788
538
5879
3220
6895
7972
255
2595
6482
2363
4596
721
7014
1354
2654
4574
2653
150
3551
4655
2801
4431
3063
707
4580
3255
1386
3174
5497
7531
6035
905
7639
6509
6470
5038
1170
5419
5550
876
4747
3357
5726
1038
5253
4558
7943
6727
6849
3589
4299
4536
3393
4866
7612
101
1704
4195
4994
1209
2025
6483
2146
4283
4096
6233
1334
5855
5750
4848
1945
517
6531
2904
5967
7204
3881
1664
6219
1376
6127
736
677
5602
7358
4861
2637
5784
1362
7919
2041
799
5554
2002
4782
1730
13
1134
2063
2449
385
85
4649
6100
1916
4329
1239
3032
5814
4557
19
5571
5651
188
5965
3677
5646
2879
945
4229
1653
3910
7193
689
5796
7181
3178
216
3206
3606
7026
7892
5693
1773
4885
5721
4785
2916
5035
4389
5279
750
6736
7823
2514
460
1335
5538
2440
7038
1087
6650
6738
4109
2573
1568
557
2234
239
7058
1190
3795
6722
6177
3889
4915
4613
1571
7961
1688
4957
1098
6698
7610
7117
6492
4601
2903
6005
1880
1330
5874
4553
5485
2262
4315
7116
7426
2171
2244
2100
4961
2825
2177
2912
7894
2802
3999
6967
3321
1893
1734
3949
329
5144
10
2955
2967
6927
4739
7309
6669
3115
5247
3979
6743
2631
6363
681
4671
583
4171
5173
5734
646
6455
994
30
1431
4275
395
1428
6186
4869
1313
5257
7694
3915
7954
2617
861
1204
1022
6475
6191
390
6373
572
3385
253
610
7471
7811
4505
4715
5947
4648
1144
349
486
885
6551
4478
5018
7768
316
3971
2586
7385
2845
1212
692
6343
1172
6801
580
3285
4196
6776
5620
6614
3946
1976
1308
6445
2340
1457
4089
2229
4013
3117
4714
1795
5624
2193
96
5358
4608
3469
36
7348
5817
5822
7623
1933
1462
987
7503
3511
1099
738
222
7947
6329
185
7882
4297
1032
4628
6070
2048
426
6333
430
598
3919
1344
6885
5049
3137
1218
7501
4540
3880
3931
152
3561
5094
4987
4328
3180
2411
5556
4667
2895
1135
2235
521
3968
5313
3087
5267
2207
1835
3476
2320
7631
7053
1369
1340
6292
6607
6182
4933
1072
1237
3850
3804
2783
2928
6228
7848
4372
4962
3322
4780
7027
6907
2814
3936
2740
6565
3879
4428
2496
6444
7154
3631
1216
5432
4486
6303
2993
4249
2536
7618
4036
3550
2434
3352
2030
4477
781
1969
11
5036
3170
1341
4093
3074
1361
6705
457
2781
4548
1250
5157
4180
1321
2548
4772
2934
6954
2906
4537
1456
4831
3202
318
4501
2531
2492
5502
3173
5840
6942
4935
5873
4243
2994
2758
3346
159
7843
3952
4382
2281
7791
1131
3749
6178
3960
4697
143
7855
4777
3094
7472
1729
5287
5995
775
543
7100
7383
5574
7697
3280
1097
7815
4731
1434
2550
752
5250
1484
55
1658
780
422
2129
5575
7001
4969
970
7275
4079
5069
279
477
1600
369
6609
5345
4727
7153
892
6505
7596
567
1829
5956
3071
4287
2591
2373
2156
5019
7361
7035
2771
2779
6653
4336
2915
2675
3337
3624
3623
6777
4448
6768
4690
7219
266
7086
6131
7200
392
1621
2240
3679
5529
7091
2127
1145
1389
1538
1277
2542
4763
1724
4252
6263
6754
6764
687
2404
4211
3458
180
2945
5401
5242
7021
4130
2225
5188
6555
844
1408
1564
3590
7576
3150
3412
972
989
973
7205
6416
7245
3140
6569
368
4323
3236
6511
608
2541
924
3984
6732
5194
5365
3768
7362
7391
1491
2606
4497
7779
2114
6952
4262
417
6075
6629
4585
407
3802
5674
4334
2482
1449
1749
3692
2581
5380
2639
2835
2322
4920
4356
2279
2182
3553
771
5921
3277
6380
3076
3144
280
149
6390
5223
6971
2901
2534
6879
1632
1847
772
1475
6775
7719
3663
4161
7856
2805
1226
3142
7991
623
4941
3498
4153
6958
2585
2914
2365
4822
2776
91
144
3227
4062
5448
5792
7730
4097
414
1323
1043
74
1608
3514
2818
2266
1423
6398
1996
2618
1189
3980
174
2749
1483
975
1532
1599
3756
3719
4876
5262
3488
196
4430
7140
1293
980
3194
2611
3917
1111
68
6869
1295
7161
7446
7965
7588
3598
6903
2315
7291
3947
7607
7871
2791
1750
1949
7368
6172
5433
1436
2133
5478
6082
5991
1107
1682
4439
2609
6596
1137
5008
2684
5695
4131
7790
6163
5391
5639
5141
4349
6384
4688
3853
3216
5621
6576
7898
6826
5672
2364
7098
6224
3237
1879
3221
6761
5344
2394
3448
7054
1956
3822
5536
3310
1876
7299
1048
6700
4692
219
2350
3911
2860
2253
7884
2000
5984
3081
3272
5885
6798
1723
4700
297
3317
5383
4687
4498
6756
6510
107
7052
3186
1971
2327
7866
3239
6400
4936
7393
3470
6632
5678
5381
7431
2628
5567
4982
5514
7378
3762
1425
2730
3603
4318
3267
3798
7468
988
471
7110
6602
935
3531
3061
864
7126
1903
3435
3444
503
5933
6072
4298
5362
2646
2064
2420
2640
1254
1364
3950
1468
1894
3625
1957
4155
613
5080
5187
3233
2543
5599
6154
5623
3746
448
1961
529
5470
1952
6365
7353
7108
6197
7313
7401
6628
6982
5548
5496
6550
2632
5979
7198
4629
560
7146
5619
907
4053
6711
3283
2441
2074
6583
3048
7252
1787
5234
6113
944
4656
4693
7092
5306
6036
7700
666
5366
2015
6016
5701
4963
4696
6770
4896
7902
2664
5054
2483
6151
6114
2418
946
3098
2035
6728
7538
5375
5901
573
7604
7371
4638
3191
3742
2427
5931
5863
2502
3785
3611
2323
93
3480
2489
5115
4412
3882
3860
286
3489
7463
6796
2621
3009
487
4986
6189
7414
2268
911
506
271
3772
7293
7845
3554
4623
3701
1001
7829
3566
2297
7563
3686
938
1266
40
1574
4533
593
7020
6173
1763
4670
4239
511
6268
1103
6401
2528
3617
3038
172
6652
3676
4010
6693
2627
4071
5553
409
819
7770
7536
5407
6950
5326
4728
2898
7350
6547
6959
1881
3246
1300
559
2318
4072
1252
6520
3119
2423
7023
4135
3047
7564
1010
6050
816
7061
7269
3977
1210
5302
7880
2924
840
1350
7750
7687
5142
3956
858
6410
4542
6097
2309
670
386
7415
2306
3983
3424
7747
1090
6581
7080
5319
5320
6866
109
6118
1817
507
1663
3388
2034
7950
2092
6417
3517
1343
3149
4107
3871
2919
2560
997
4018
5403
1503
904
6406
2028
3304
6378
6573
88
1598
7044
1762
6364
5838
1614
2922
2250
191
6495
3131
346
7592
6767
3612
7897
4767
6241
6699
1007
1018
4432
7425
4751
7104
551
4598
5001
6904
2968
4169
154
3666
4789
4177
5294
7958
2570
3029
4209
4633
745
3406
7192
3502
6256
753
4843
4118
2770
2658
2798
712
4677
1161
3323
4308
3608
4590
5330
3364
5145
4344
4244
822
5297
6610
4741
5062
345
7490
7904
4778
7112
7459
7873
1140
3539
4970
6067
3176
3904
1887
4683
5347
1063
818
983
1223
2562
6272
3099
619
3455
5227
5013
2398
6726
7286
3702
2827
6160
5569
7910
3431
2821
2795
7032
5415
4978
5669
1824
915
3736
2118
3193
304
6714
7084
2537
6028
836
6671
3544
3414
328
3724
4400
1342
6702
4790
4524
3648
4564
3671
7152
5580
4148
5178
6201
482
3054
7699
6281
4214
5061
7174
2712
2744
2192
1646
3167
672
5139
2311
378
6433
7619
702
4995
2414
7452
7906
2390
3602
7505
6300
2610
5027
1036
3398
3023
6877
5848
3107
7394
2163
5765
7987
678
1865
327
7872
1075
552
1320
3642
7496
1900
4424
6881
2926
1148
6273
5378
7878
3626
4520
5690
2089
7214
4931
2269
3209
4899
3808
3379
5462
2499
2487
2068
1791
6123
7367
415
7766
6101
7754
7419
90
322
3591
2588
7398
1041
3662
5528
6254
1398
4268
7968
6091
2353
4765
5843
6972
5558
6811
635
3164
3241
936
2918
5769
5661
4402
1283
2330
5095
2247
4176
1759
3159
1158
7254
1560
4210
3307
177
1691
1378
3707
4319
6758
2875
4208
7384
1497
5071
1353
3303
3018
7150
1980
1511
6359
4322
1040
7529
6988
6938
3500
5604
5946
4359
884
238
5091
1486
5101
7195
7271
2545
1738
4325
601
1150
2186
2739
2128
201
7767
5657
821
5159
202
6414
1232
7652
1624
2347
2535
4854
1372
4576
440
7168
3134
2470
161
3145
1117
1264
3718
2460
7967
5981
5269
627
2980
5518
6383
3109
3432
1339
5777
5121
2374
1530
2523
2800
888
7553
6316
2203
2957
1981
3905
2058
7050
4121
757
1822
7180
1017
6236
5125
6402
5832
5442
1078
2815
3010
2271
5635
2551
6709
5971
7355
5905
5808
825
7167
4047
6998
5123
7184
5443
1768
5032
4556
6962
6024
6567
7941
5756
5877
5435
1552
4974
5084
1686
2726
63
6640
5511
7686
647
3731
4035
3813
2881
3350
4310
3700
5820
7141
6956
7157
1504
3266
6986
387
7971
2075
7189
5218
697
3922
3805
7885
2642
2663
3560
82
4657
5786
7655
4526
5768
2349
3017
7795
7000
7457
5813
4749
5564
2087
6111
5572
3111
7707
156
4421
6103
4142
298
5196
278
1541
4913
3123
4606
5515
1236
4862
7762
7031
6888
740
3376
1185
6785
3959
1914
3527
4760
7858
6376
1328
7520
1529
4466
4513
6985
7713
5919
7088
7144
1572
325
5696
2733
4472
7216
3912
2300
125
1951
6366
6155
0
2378
4701
447
897
4662
7464
6666
4976
6909
7643
3634
155
5348
1839
2003
6149
4577
1935
1814
5410
1703
2826
5930
3565
7486
6911
2737
3002
1904
7818
4949
3354
1986
5913
2741
4260
4967
3238
1358
7443
7456
5205
1731
1720
7820
4892
6639
2189
2973
6489
6086
2672
5379
1191
2747
2254
217
4395
3466
2962
6493
2615
7354
1461
2600
7312
3794
5713
3005
2344
6276
3646
2619
3528
3286
3059
6975
5891
1888
6737
7142
7899
3903
3583
3673
2012
2183
5842
2864
5827
614
2476
3831
6978
3827
2841
3358
3402
5343
5617
578
1481
2555
1584
1992
7083
3693
1505
776
4607
1460
7147
5361
2369
3314
5068
4442
1349
4272
1368
4401
3370
6079
6806
5770
7657
3533
1396
3409
312
4464
5275
4254
794
6448
914
7705
5940
2877
7218
1267
7330
5031
6248
231
2217
195
6220
7525
2477
7926
589
4630
2339
1229
3160
7803
3291
411
2334
1110
110
5583
225
6394
546
2437
7916
6214
6362
5545
6458
6180
3380
4500
6941
1862
5021
2690
4555
4248
5308
2671
4810
1771
7721
6057
337
6247
5477
4658
5810
7039
2867
2762
5050
4593
5252
850
4012
7017
2007
2122
5357
5532
1049
3713
3574
7122
6588
4224
2553
3273
823
455
633
2055
5585
1978
5540
42
3651
7029
3
4456
4635
3760
2047
3883
7948
594
3434
1589
7711
3966
6878
4113
52
446
6352
7400
3765
7887
709
5377
3887
2157
4215
3698
2389
5216
1089
737
229
5316
4406
6290
5474
2232
2005
466
1476
932
5766
1786
1619
6670
6592
6442
1278
4815
4496
4429
1279
2370
5126
179
2598
4783
4609
2014
742
728
61
3510
5960
7802
1402
3004
6684
3535
7511
6734
75
342
3201
4387
6441
1329
2775
2885
178
2803
2594
3234
1348
751
3758
6074
7605
2823
4306
6294
198
6752
1096
1309
6423
7246
3033
4492
6545
7561
2435
3958
3392
428
263
926
3997
4999
3665
4204
6766
1696
4508
4880
2328
4450
4847
4942
7118
5454
5254
3636
5949
4385
7099
2160
6514
6840
3383
2167
6058
5642
2393
1490
1988
3978
5506
6524
554
5865
388
4786
2525
5359
2255
4288
5962
3675
5450
3828
2816
4928
5653
1521
4147
6561
2201
2766
5082
6914
4277
1690
1206
2013
6539
1803
6679
5413
1211
7349
1852
6803
7777
3043
6030
6825
6668
6437
7351
2544
544
1385
855
4452
5781
137
5851
1747
4781
114
319
2243
7594
7673
6407
731
12
142
4342
4008
4863
3349
7012
77
1649
6109
7172
3459
2990
7772
7009
2616
7169
514
948
1304
4057
4652
4302
6476
1537
1605
2324
2469
6076
533
800
3326
7794
5422
5719
5106
6427
4052
7945
5406
5715
5332
1683
5872
2338
2563
3568
5461
95
3878
3075
1984
5708
1719
4066
7107
2464
6034
6056
577
2316
2952
4343
4392
1471
7546
5988
3723
6204
3705
1626
208
1149
2963
3811
1280
2579
1613
6338
2832
1889
350
104
906
1742
2507
2719
6597
7586
7042
5517
227
5582
7626
696
2377
7319
7812
3776
3184
727
1638
360
762
6886
4768
6605
7430
5785
3190
7302
7109
396
7659
3477
308
5629
5215
1735
186
2890
3046
1851
6451
126
6317
1447
3704
7751
1926
6611
3914
3790
2027
3369
3374
419
1467
1519
3684
4744
3084
1567
1990
176
5222
5265
3499
496
4100
5648
246
7307
4829
7886
5209
2876
332
4979
5985
690
2512
6889
7304
4622
5132
247
119
5446
4168
2620
435
1631
7944
4082
5706
3262
223
6299
5336
5633
6939
3378
5763
5354
4503
1122
6387
7321
3816
6687
792
3198
3340
1258
7331
5869
5044
3800
5665
6763
7301
1351
1884
4735
6908
1498
4840
7800
1272
6627
6991
1085
5662
1426
5428
2433
1591
6212
7491
50
3622
6579
883
7220
7896
5887
7045
2017
3316
7363
3793
1659
2214
1563
1427
7566
2921
2478
7710
1907
1479
7691
579
2745
3281
4874
5363
3446
6434
5174
3632
791
5206
5821
269
3342
3781
1347
7785
2216
5436
5414
6619
4519
5704
4393
2061
7332
47
7671
1909
5980
2152
94
4475
6637
6701
131
3230
6002
3121
4512
1687
6454
7159
4040
1243
3229
6784
4031
3780
5109
6631
6473
1883
3753
7992
1743
15
2714
2402
684
321
4112
4235
300
7646
2796
4029
5256
3840
5149
5844
2474
7453
141
6830
7903
2768
4960
6168
3051
7842
2839
782
7008
3516
6375
5369
5058
3327
4918
5601
2696
4867
6159
5236
3423
5684
1796
2872
6625
6078
5561
6045
6026
1377
7953
3863
2479
7442
4324
2704
228
3601
3899
1414
7006
4549
706
6435
5481
3892
2862
5994
920
4183
7322
1241
2286
642
5270
6231
4645
685
4614
3044
2984
2822
5171
2893
4245
6900
5677
1692
893
3944
4259
6399
1882
2213
6667
6626
797
295
809
4399
1006
305
2024
7744
4571
6882
213
5941
6174
7170
4471
7935
4814
2728
4441
5555
7584
5028
4708
5170
6599
391
344
2085
2522
5355
423
7183
2529
5293
2503
7988
2702
6144
51
7833
1409
5325
2399
1753
1095
6293
7019
3089
3856
5130
7962
6575
5864
622
7598
2641
5113
4618
2717
6981
7834
3538
7237
7567
6997
3620
592
5067
3441
6802
4770
4958
6571
1042
7323
5072
3362
2445
5148
6715
805
6047
7706
6791
6480
5331
4304
4808
7284
2782
7928
6543
5837
1657
5699
6859
3257
7540
1175
2090
6148
5402
6090
5323
462
1885
3127
4043
7693
5645
3524
7518
2270
4331
4009
2948
6350
4159
967
340
5219
2526
2887
5124
7389
3650
6193
6152
6158
4460
4117
4034
4221
3360
1044
4895
1159
6723
3166
7946
1494
6636
3845
2725
7138
615
2757
5328
2071
4417
7406
6977
640
793
5530
2572
810
6657
4026
6804
1415
4307
6403
2425
2436
611
832
1026
7047
3232
6472
1373
1748
4364
6595
7470
7761
7998
3592
6724
3812
6608
1526
807
5163
1959
1927
7409
5244
1991
7993
1024
6860
7999
4820
2059
6686
284
7049
4022
4659
5927
2023
7663
1595
3091
1868
956
3405
5469
7868
7847
6223
299
2432
1826
6087
5531
6161
5075
3344
7133
1012
7257
3440
5680
2978
2657
3683
7725
5300
5395
6937
2430
2846
7932
1744
4370
1518
1296
4046
3974
5630
6379
3212
7329
1147
7018
2722
5959
2878
1446
3249
3244
6474
259
1463
3933
197
1548
3737
2810
7139
1629
1789
6660
7238
5271
2356
7177
5974
5829
1523
5158
2651
3518
7650
5628
7635
1654
3512
4565
6128
7532
2756
234
3290
7575
1837
3948
549
2333
3494
5803
1819
7786
3605
4050
5806
2838
3815
3211
7798
5847
2188
3154
3247
4182
3418
6566
3034
5397
1616
5834
6436
1121
3045
134
6216
912
966
4340
874
27
6538
6321
7758
7925
320
1846
1470
6943
1516
5986
1794
981
6774
205
1830
6328
4752
481
7121
4146
1422
6175
399
5508
5581
224
5638
7519
1109
289
7185
4048
2332
3773
1298
3436
6095
3810
4467
996
6823
7542
3748
5757
5179
2422
4521
6370
5600
237
5284
7951
2298
7111
5438
7649
2429
7417
2510
6041
4276
3271
518
3929
6522
1168
5516
1854
4116
2343
501
7781
6200
1815
1306
5374
659
1863
3547
4160
2981
1182
4588
7735
7651
4361
7262
5487
7964
4465
2808
62
2354
7940
5463
445
6672
7551
5309
3256
3296
4730
313
1597
292
7734
2743
380
1637
432
6428
7942
7709
3305
7381
4085
1590
1420
2905
379
1081
7095
6646
7488
5802
2282
7364
1411
1276
4705
1877
699
5349
1303
7846
4363
1902
1870
5503
6871
3954
1128
930
3179
1783
7373
6431
3163
1314
7424
910
1282
691
1230
1113
6479
3607
3656
5551
4226
649
7825
508
3682
1522
4301
925
7609
2457
408
3056
60
4597
5083
6357
7279
931
2296
4643
4251
6799
1485
4680
5660
4617
6762
4651
4887
6624
5239
3382
6932
6285
5286
1253
5276
2091
656
2151
2101
4985
203
5841
6340
3496
2387
4145
6311
6642
3819
3596
29
7985
1680
2695
7676
7741
5868
3288
7041
5337
2302
1177
3335
2670
5636
5088
2986
1067
5202
6508
2142
249
581
7927
6805
787
1319
5351
2790
7492
7030
2504
6326
4375
1346
4483
5052
7316
5525
1660
954
3957
1635
1310
6616
3269
7816
3843
5804
1565
3108
718
348
367
7370
6676
7306
6697
532
2044
789
7278
6440
682
1770
7583
1838
2505
7528
3799
5439
3830
7765
6207
5110
565
1901
3113
285
6237
4775
7508
7334
2601
6066
3875
3797
4578
6318
3832
1011
5295
5787
7690
168
2908
4801
3258
4927
1551
1531
6618
7537
2886
3921
6926
6874
522
5460
1487
5618
3964
2633
1005
140
4001
1510
6828
4236
2294
1813
7544
6245
4934
5934
6717
3900
7292
6603
539
6192
7007
2865
4327
3738
6405
5007
5945
3268
6240
3761
2108
2105
7428
6108
7162
6733
6199
5664
4294
3042
294
7251
2785
7828
4718
6466
4068
6106
2944
4722
2765
7516
3313
4720
5409
1606
871
6409
5679
4295
4544
4729
3593
108
2700
1405
3497
484
3156
4367
2438
934
1944
7412
3132
6215
5952
3124
5394
3990
2989
729
7094
1155
7445
1845
1647
2683
6902
4233
7764
2889
6278
490
3523
4774
1251
433
7809
3161
6570
3823
4971
7124
4381
4883
1998
5108
495
1583
4404
4290
5904
1224
5298
4890
7235
7280
4856
6855
4457
7936
3581
2732
3260
3721
1054
2710
7979
3445
6930
81
4664
273
1188
1999
1173
2969
5652
4434
1668
1559
2900
4812
7076
2950
6210
1307
1066
6867
2020
1062
7877
7582
1700
2040
716
2868
5654
873
4384
6915
1179
2836
3299
2831
5748
7171
4154
2341
620
1625
4366
3844
6322
2966
6760
6947
2673
719
3064
1
3740
1566
1249
2909
4600
2589
6769
798
3486
5667
4802
4231
6858
4953
843
542
4394
3694
993
3228
6481
276
5912
2196
2833
4070
1942
291
4228
4733
6912
759
1662
5129
512
7597
4108
6062
7433
4270
7179
3752
7970
6622
4205
1153
3181
1798
6515
5520
2121
6887
6468
1528
215
1027
3092
984
6006
5066
5640
3916
2251
7675
3311
4347
3425
4554
6812
3733
4470
4875
132
3438
6665
5853
3030
375
2137
2218
1271
7484
2976
6638
4891
4386
2899
6209
6356
5064
4595
7060
7341
200
609
1601
3371
2103
1025
3672
6419
210
4055
288
7314
1458
4098
2073
7071
3240
7792
7984
3443
5850
1123
3097
1401
7073
6122
425
251
779
5969
7074
7514
4092
7145
2564
7318
6945
3254
6963
3162
3189
5951
2415
724
4103
7127
908
957
3763
5888
2576
7901
1000
7447
7922
4575
7827
5213
3545
4326
5807
5226
4859
1473
4314
1562
1714
6277
3175
2094
3993
3637
7281
5426
4080
5353
3920
951
1816
3490
306
1669
869
1947
7861
2884
7377
2516
7778
1184
1029
5198
6314
351
1681
4044
4127
5755
7656
6720
5087
3549
4436
376
5836
5854
1058
2799
2519
4981
1665
4841
664
2773
14
7222
4351
5816
6098
2824
502
3670
7819
3967
6040
3151
206
3836
3610
1132
1609
3188
79
3848
6663
2116
7717
7571
7913
4849
7769
1587
7615
624
209
6730
7376
2819
5731
6297
733
3114
5195
4114
1187
3264
6265
4610
1912
2731
7559
3791
1701
5458
7776
6043
7568
2272
1853
4925
7574
1332
2584
7510
7810
1556
7244
3806
6185
4037
6540
6422
5041
2016
254
5150
602
7624
4390
576
4605
2038
7852
6335
4250
2580
618
1848
6377
6418
4317
998
7989
370
5011
999
2410
6358
7440
5107
5527
3139
4378
4369
3618
4977
311
1740
4834
6064
3328
4968
73
6795
1965
5122
2590
688
2139
1994
6530
4511
7554
3294
6857
2685
434
5649
2198
1929
3894
7907
7573
4821
2115
6022
1612
4984
6393
6253
3348
1844
5717
363
5199
2206
835
6854
6202
7895
5445
3792
2804
4836
804
3334
7527
3657
6301
2273
2099
2946
1284
16
2069
755
4788
444
2705
243
6283
1448
6115
1366
6208
7166
7702
853
5507
1643
4817
7677
5625
3809
5910
5016
3484
7005
3088
6807
5322
4791
4972
7497
7606
7480
6695
6683
1119
1289
1281
4706
4518
2314
1799
3451
7264
7106
7408
4419
4339
2462
788
5260
1459
4710
4273
6506
713
852
3168
5140
5059
7227
5762
7165
5029
2117
4644
7565
4689
758
6083
7013
1336
4581
3014
5871
3177
5034
7780
1575
6025
7703
7340
4948
5990
3403
2666
3315
6808
2274
2767
1312
3278
7282
7881
6391
6748
4379
5692
7267
921
2811
2039
7022
4903
5385
2693
5152
4531
2383
6899
6143
5733
7294
7438
1068
1115
3333
708
7757
5191
2488
5955
5056
2797
7386
7217
6969
6471
1569
3417
3891
296
571
5373
7742
2456
7746
6051
6718
4024
3873
7782
6810
4178
979
4373
4206
165
673
3841
3716
765
7290
4069
7402
7482
6044
2593
1561
7478
6893
3082
46
3442
6542
7003
3110
5388
5997
3055
449
760
505
4634
2583
7981
2342
4907
1203
5090
5782
2376
6562
960
2910
2753
5729
3613
526
7949
6527
3586
4493
4951
6060
5760
575
2008
562
7206
3649
6835
7850
1133
4128
2275
2979
7475
1805
1718
7840
5961
1359
1438
1924
5104
4238
429
4110
585
4138
4884
4223
6965
734
1302
5725
2517
7258
4844
4426
4621
1549
1767
5494
2093
3935
4397
2211
4285
651
5418
2623
3031
5627
5386
4712
1594
3456
3739
1667
851
5928
6134
5162
7990
1166
4049
452
3678
1997
5086
5899
977
5939
1444
2219
4084
4529
5976
3019
173
7593
870
2501
783
265
6880
1207
3101
2458
6643
4453
3661
6124
3630
4813
639
4805
7729
7225
1576
5424
5856
7668
6681
6507
7549
7867
6424
3595
2144
3585
773
1756
3437
1842
7937
4488
3457
889
5111
1412
1622
6449
5207
7712
7667
122
7063
1404
7625
7788
5292
1489
3766
1233
3050
1911
4212
730
964
6968
5235
2104
4912
504
1558
6306
3868
860
2086
1932
1943
3214
7548
588
5890
7930
2873
6447
6656
374
2439
2662
2603
6548
3058
5382
5003
4086
6680
3743
5744
6604
2521
4309
5429
6140
2381
4023
3691
6846
1382
5024
2161
1676
3849
1079
4132
4807
1617
3552
878
2972
1693
6351
6222
1989
3529
6467
5828
2191
4073
2680
4459
1780
6685
5352
6284
3734
2559
6053
1318
4463
5232
4028
4149
7249
5153
5103
6535
5590
5970
1555
4681
1715
1755
918
1357
1045
4703
2650
7862
2263
3377
1946
6843
7507
7515
2754
138
520
1363
4707
2022
3571
3870
566
6582
4246
4945
6744
3394
6012
2711
2792
5982
2575
6913
3754
1143
6917
2305
7187
901
7410
1859
3869
6
92
416
6658
1860
2447
6512
1418
7131
274
1820
6918
4165
2155
7512
6020
4616
5593
2331
2861
5714
7745
2935
2659
3504
356
3699
3669
1441
7865
2072
3308
3120
5663
6742
6203
5055
1257
6459
192
2465
1020
1550
5797
35
7647
3289
1628
5711
3975
3341
5999
5920
6845
1151
7736
4409
207
898
3487
120
653
2227
5098
7397
717
7543
6116
1073
6593
4271
6206
545
5924
962
7835
57
6332
7175
2698
7010
1100
5009
5966
2987
842
7863
6735
6023
2687
4350
7611
4461
402
7889
7784
2442
4059
4281
2852
5703
7382
2463
6876
5739
5472
1652
7682
1259
1395
5790
124
1138
170
1023
7474
1275
5552
287
4391
4201
4122
4002
2053
5886
2187
5384
2200
1939
1091
6682
5902
7909
1221
6260
4865
6759
4507
1849
6312
6073
5846
1833
7283
2471
6092
2738
7466
2285
1465
4454
3987
282
6081
5208
6983
498
2242
7356
3989
1082
7836
6568
5321
4932
4280
1288
6920
5950
644
4894
6136
5280
3930
5505
5909
3309
4101
5681
550
4099
841
2124
6584
7403
3685
3744
7875
467
2046
2713
5811
5225
6740
6227
4839
2158
6617
6526
4333
5510
1850
1527
2667
5390
6061
5243
4952
6171
6255
6729
1127
2604
5136
714
6549
5479
6894
6661
3295
2172
817
5233
468
7550
5392
6071
3375
3532
3399
3927
2079
1324
1678
4917
6741
1261
4853
5735
6884
7372
5737
5745
1506
66
6691
723
5906
3858
4184
6664
2208
6790
5566
5788
519
4458
7036
6544
1875
54
3872
4686
3614
4966
4354
5728
4172
4123
937
3022
6560
3859
4198
7059
4042
2787
3895
5047
2173
6910
1993
5634
6194
6673
7230
199
4256
283
6500
6453
7731
2953
1141
7539
129
6861
4474
899
1196
6130
1126
928
3786
183
303
1380
3782
4830
4346
1120
1579
1061
2448
5154
6739
4758
6150
3199
6891
5176
5467
3141
6421
2951
2715
7143
5423
1913
2701
890
886
4033
6157
7037
7296
6966
1546
5006
4871
5272
4020
3515
2368
902
4792
995
2511
377
5626
1545
2558
5800
2293
7724
4126
2326
23
6381
933
2037
865
1856
5453
7805
4258
2319
4509
5983
6856
381
4551
6477
4173
1234
1059
1769
6010
45
355
1573
7079
617
3976
5824
1898
4757
561
3169
4665
5918
1802
3970
5097
2988
674
4736
3890
1987
315
220
6771
2010
5303
3353
4362
5151
6868
3433
293
4989
6274
531
4723
1112
4964
2256
5002
7485
493
534
4077
766
5722
4045
7545
6612
4938
18
3129
4039
5882
405
1326
7934
6819
7783
1393
5614
7662
5823
6412
5975
5513
1325
2147
3769
1684
242
2929
7105
1004
5255
5168
6831
7311
7955
2150
4882
2372
5987
5025
5026
6342
7976
940
6580
3969
2277
3584
971
2724
324
849
676
7338
3040
7994
7616
6462
7920
7517
6132
6426
6519
443
3555
5839
5160
5637
1008
6708
1777
6395
2419
6184
4025
6925
4487
1544
3067
4156
5954
6585
3429
7360
3235
7115
6606
2891
65
7986
1918
4490
3138
6250
3695
5610
950
1394
515
6704
4804
7513
5764
7335
3789
5993
5835
1919
4678
4685
1220
5367
5046
3464
5740
3007
5751
2956
3934
1246
3548
3078
5526
5452
7839
187
6195
6008
1439
1739
6420
7771
6198
859
3866
1472
3016
6692
1452
4141
2245
6145
5473
3570
7365
698
7613
162
5723
6703
2958
3077
1437
3068
1636
7660
887
720
4943
438
1968
6229
4358
3708
3365
5758
4559
3225
5826
5801
4794
5570
1407
2107
2764
4087
1728
4075
5710
6788
5925
5541
7274
7808
1092
6850
5709
2703
2361
648
4383
6842
7243
2021
1827
796
7462
5096
2574
6251
7451
1167
3105
3680
1014
4185
7197
2148
451
4543
1524
4803
323
160
2630
5339
6371
1488
4691
1790
4888
3472
383
643
1244
1021
6953
564
3961
5557
362
6264
959
7229
6179
3696
3465
7591
3397
4975
2524
3460
5074
4232
7404
5587
1260
3834
1726
1776
6013
7681
6307
2607
5857
258
6230
5738
7062
2991
2554
5596
6213
4095
7723
7078
3714
7128
2130
6258
2763
7504
2751
4591
2480
2095
2925
6517
900
3146
6429
4515
3818
606
2931
1897
244
1337
3185
5417
1760
1732
4795
1890
599
1899
3292
5342
2280
53
275
2405
4759
4091
7666
2625
7178
2452
5612
6781
2960
985
5371
927
1825
3985
4377
6345
1937
6170
2321
6102
6334
7726
4713
3803
2287
6019
2400
6487
4063
5389
4717
5364
2431
6438
6970
6346
7680
763
4535
4353
1642
6557
4694
6360
2138
4823
1104
2699
5772
3507
1934
2533
6558
2655
5724
1199
686
1333
7151
2992
856
2943
290
1874
6349
4217
33
5175
3998
7396
1379
7876
1262
2006
2417
668
6242
5895
6944
133
516
540
7344
4494
5736
5732
3577
5893
4403
6675
7974
1084
1801
4007
5613
2210
1855
2375
5466
2212
3208
4906
4193
3503
6883
4136
7016
6641
1399
2317
6630
2312
1164
3035
2911
1392
5549
3165
4584
473
2937
2065
7756
1060
6813
4525
4603
3839
2855
5588
1975
5040
4484
4338
6993
1360
2567
803
2078
4003
1453
2416
595
2238
3645
513
5289
4174
5761
5578
5296
2284
7343
6503
3644
4017
1908
701
4669
7277
6275
2697
2140
5859
2097
7995
4313
2853
5486
5805
2412
3635
5894
71
5
4076
105
4265
5896
1620
5000
2360
3835
2083
1056
421
2716
3877
3347
3187
2295
9
3028
5147
7552
4754
555
2222
919
193
1256
2923
582
4415
7068
7698
1299
6287
4589
20
6818
1445
2869
523
1931
4824
102
986
7303
6027
1716
6964
6457
5165
2335
7123
2498
4956
5048
3223
7628
413
4755
605
2772
1727
7622
5076
3391
3578
3616
38
1195
4779
3366
252
1286
116
4279
4443
2870
3062
2291
4879
537
3536
4170
587
2538
5268
604
2215
4924
5277
2971
4893
1242
4303
6309
4721
3041
4293
3133
5543
3996
2135
1974
1895
76
6099
6120
4766
3654
7589
7261
4440
5659
3196
1650
268
7287
4864
7209
5509
44
4816
584
4134
3801
7617
3582
6270
5996
7265
3125
1967
710
1240
3569
675
1227
3706
2755
5245
5010
6339
2029
2518
1292
3372
2682
3297
2942
1804
7182
394
4065
3153
1655
5020
2126
83
4846
7755
2385
1553
3261
4743
3106
4291
7524
5440
3024
3493
4582
1891
5073
4702
5716
2656
5880
5333
5687
6298
7089
2974
181
331
4641
2866
6319
4709
2102
6844
679
6674
232
4619
4850
2515
7674
7822
7830
169
1327
7718
3471
802
5370
3909
233
86
5447
267
1953
895
5376
1973
6141
2111
2871
1297
3069
4398
968
4672
812
1370
7236
5127
2592
4197
7633
6327
4038
5100
4552
1602
1938
371
1864
1923
2638
2018
7595
6059
5231
7997
2752
301
4625
4682
6003
4090
6778
5727
431
1174
7228
84
7701
7270
1033
2493
3558
6822
6320
4485
5411
465
3351
5831
3483
6484
4088
3049
1915
1921
4111
4504
7469
261
1950
2596
1186
6054
5759
5441
2468
6745
3562
3090
5131
5200
4604
72
5977
2391
5915
32
2278
1948
1101
2194
3422
1578
7223
1581
7392
7806
4427
7231
2857
7239
7234
5192
5903
4833
3080
824
2359
7939
7831
6004
4482
4352
4289
5783
5042
7399
3481
1672
5449
6821
5512
6077
335
6093
4455
6837
5099
1176
6096
6463
2694
145
4611
3008
1152
5935
6279
1455
3122
1493
148
7298
359
469
7629
6354
6712
5670
5483
2896
6430
488
6225
1345
4930
2720
58
7572
6989
3972
991
2446
7533
1831
3913
3597
2231
5676
4264
774
7774
3604
5746
2807
7015
5427
1451
7883
6525
1105
4388
6415
3492
26
1403
5212
6948
7064
6980
7923
7669
7067
4569
6125
3083
6677
3757
6392
6117
1695
7714
3345
4570
2829
2789
6710
6055
5451
4253
357
1985
2166
4626
326
7434
1588
1520
3534
6305
3453
5752
982
6011
7793
1517
6833
483
1784
4742
7352
5579
7499
2859
862
2500
270
2248
3011
4910
5396
3447
7952
1717
6841
4929
2358
189
4550
5892
5799
6655
4819
5455
7634
2677
226
7556
4158
4312
1858
3579
6586
4719
2996
4140
7558
662
1661
1514
1231
7199
2110
5998
5482
7672
3197
1270
1866
2082
4889
1413
3373
1194
8
4151
1615
5577
7066
1800
3171
829
4119
7326
2882
6504
6388
3491
1047
3796
7521
2707
2665
4711
4858
2769
5468
3668
863
3085
2403
6249
7905
2540
2329
811
4064
6960
6138
4639
1338
6337
302
478
4321
2784
1492
7256
7070
5650
2688
373
4663
2636
3720
1410
1037
4750
6490
6488
1217
6994
3928
1811
7300
4242
1792
6974
3615
680
813
6587
2932
3619
4337
2080
815
3213
7775
7630
7832
5861
236
317
7317
7033
1214
4568
1710
6949
7869
1645
3135
4640
3888
6014
7789
4900
4416
4996
3901
7310
4413
1301
5051
1013
1722
6031
3312
4825
2379
5229
3219
1823
2154
5177
2718
741
464
7696
87
6239
4410
6940
2228
7683
212
7665
1129
7450
4517
1086
7600
257
7924
7890
6232
7977
5117
4835
2927
7973
6009
4263
4041
7081
4189
6961
1156
5193
7801
3103
5539
7759
4679
1689
2261
2175
151
4027
5291
6847
3861
6706
5767
6746
2913
2264
2849
7056
5741
3727
7692
2185
7854
5065
4916
7427
2088
1674
7915
2587
5249
97
7957
3715
7130
2546
5911
5542
5658
6295
264
7188
7156
7190
3709
1603
7963
3981
524
2490
2995
6139
1623
4959
7455
1712
6494
929
127
922
2009
1611
5589
7437
1432
2125
7248
4355
5240
6153
3884
2180
5914
5135
547
4207
7720
5063
4771
2734
4632
6218
2689
3747
828
3195
3359
1311
7640
6690
4078
4192
4716
1746
3559
636
1055
1920
2223
3674
1641
7476
6787
1429
5133
3563
1435
427
1083
3600
7590
5830
785
5012
5673
1116
4583
64
1285
641
2355
7874
2746
6578
2162
838
2134
6554
1983
4247
5565
4560
3729
3404
1593
4479
7498
7136
5437
5288
5022
1634
3336
7929
3243
5190
4058
6533
7888
3991
3454
1633
3355
965
7164
7369
4738
1002
5263
768
5412
7097
1806
5615
1772
2345
4647
5908
4546
2455
214
7040
6389
1019
3430
7072
530
5172
70
6244
3667
3361
7704
6443
2794
1430
5586
4950
4335
5261
3367
1765
1818
6623
7679
2497
4473
5471
5819
1702
1639
6990
5408
7644
2283
3986
2233
5169
574
535
1604
7305
2181
5595
2582
6133
1515
7002
6089
1648
6615
98
3988
3932
784
3003
2239
1421
6689
2999
7327
2257
2850
2195
6957
3037
2367
5547
454
5119
4179
3026
6600
4901
7336
39
5916
7740
612
6235
358
2221
1053
353
5387
400
7918
4414
3755
4746
397
2565
7879
6126
406
961
5929
3546
3274
2678
7500
1869
5641
2812
7011
1139
3339
2817
6563
7458
7969
6815
4468
6039
166
489
2635
5668
2153
2760
1751
5522
5220
1424
626
4360
7048
558
7562
1383
492
2304
2647
7807
4898
748
7055
5789
5562
3745
5598
1922
7749
5845
4274
3741
3885
78
3508
7763
2260
3473
7096
5089
6052
2568
7489
3015
5489
2809
5475
1906
3318
7557
1757
6361
6001
2106
2230
7722
2366
2336
6782
7114
1197
6046
4857
5833
3660
1857
2486
450
1554
2395
1752
7921
3395
6591
1810
6038
1163
6164
2652
6000
4227
3204
2840
5290
525
1397
2614
2220
3410
43
5241
5926
6516
5818
3537
5360
6137
5932
7337
7297
7215
4476
4684
2508
1725
5251
2084
6713
3639
1077
3112
5182
7864
3482
6919
5774
510
2626
5081
5053
847
2308
1315
2348
7956
5694
1930
111
6755
309
5671
4074
4396
553
4083
437
5778
5922
1781
5492
2123
5631
2709
726
2019
1836
2599
7411
4838
669
3902
2178
1905
5431
2557
1009
3183
5875
7441
7547
459
671
7315
7295
2894
1758
2494
7653
5521
3955
7502
1807
314
5230
230
2307
4587
2081
4773
6049
2985
1873
6872
5609
3820
7210
5519
3771
4905
1142
837
106
2054
3182
7569
6559
1202
2131
5338
7739
1093
694
3690
7125
4015
4573
6935
5116
2506
3573
834
3735
2883
597
1248
1070
3687
660
2051
4200
2613
1371
485
591
2357
5456
6336
1741
7479
1035
6634
6984
5420
6042
5884
456
2959
3329
3259
2605
5184
5228
2977
4137
3506
1666
118
4405
5464
3468
7506
1774
6786
3659
1454
3086
4433
3838
541
2556
1388
7155
343
1482
5958
990
418
4666
3520
2120
7320
7654
896
4278
2310
7388
2674
7891
7526
3829
3807
6906
978
4676
2520
1180
4980
6814
5498
7194
6501
2060
7493
1384
3450
2748
1697
7678
1178
6644
5085
3408
4094
3136
7324
941
5014
1966
7090
6266
4004
1713
4939
3396
6929
2561
5335
5138
1417
281
2842
2481
2145
7119
6282
3338
1416
1365
4266
4345
7688
939
2566
909
59
2459
1381
89
3513
7560
5224
1808
3817
4563
830
4222
4937
3479
2892
6648
7289
5611
6156
7632
764
6217
2252
6613
1442
6094
3462
7233
5594
4449
5860
7641
3253
7149
1779
658
3172
1495
1316
5327
1513
5878
2209
5655
3343
157
3320
7912
2165
7732
4661
2325
5146
7413
790
3540
4826
6523
4615
361
2426
7509
6751
5524
1936
2473
3939
1205
2472
364
5484
3814
7065
2159
2397
7135
7276
1162
5607
2112
548
1736
1291
2933
6898
754
1694
5118
2830
6369
4447
1547
700
7581
2362
1970
4408
5318
7978
2854
6456
2902
7685
5889
3100
5697
354
7841
1322
4225
6183
6897
6537
7523
2880
3279
4797
1764
7129
6243
4753
1941
7461
786
6308
1391
7449
2197
4194
5120
5307
6029
586
6404
590
2644
2176
5964
4332
7579
621
7601
4469
5143
7208
7966
2983
2577
4602
34
4642
5167
5747
7638
5560
5707
1071
4104
2949
3994
7814
6261
1268
5164
3242
1954
3711
2265
1269
5730
2920
2661
3000
307
4261
2406
3953
7637
2788
5057
3461
4592
5978
1679
6323
1630
4737
7224
4030
7240
4860
695
3300
2806
6852
916
6296
3478
5622
5259
4188
2388
3306
6688
7914
7727
4572
5340
1050
6234
7432
3526
1867
7333
5900
4219
5346
3774
2288
4965
7580
4167
3992
7670
6015
6922
1871
1046
632
4186
2384
164
2491
7093
2351
1287
3688
1069
5237
894
2371
845
25
384
5942
4704
868
570
2660
1469
3730
5584
5023
398
1711
6924
7908
1406
5643
6946
4908
5493
4067
3411
7860
6773
6048
461
6188
393
6413
4756
5238
2602
3413
7534
6396
6933
5324
7642
7959
7483
3938
7134
3852
250
2450
628
1034
2466
7844
3638
6280
5210
3750
7339
194
6923
4799
5791
3012
7931
722
7247
6589
528
4914
4420
1247
1610
2844
6753
3057
5077
652
6446
4216
4006
6829
1183
3876
7608
3155
5754
5060
4523
5686
3519
1171
4837
7375
2938
153
4286
3778
976
5812
4539
1705
7328
6386
7627
7487
1088
4162
2346
3147
7241
1928
2132
175
2475
6765
5592
7173
2276
6485
6497
7853
4923
3594
7689
499
7069
4851
563
6304
3384
3770
7753
5092
7025
2964
2813
1419
1671
479
5675
3152
4187
7773
6621
4845
6146
4620
917
2202
6262
4660
882
339
6820
1480
1651
6870
5688
3324
6832
4300
2549
3576
6385
2495
1543
5535
5248
262
6853
4538
3567
7163
1596
5465
6936
761
1963
4341
6865
7028
2407
1219
6460
204
412
1809
7374
4051
3907
4
6129
616
6465
7226
6836
136
476
2267
3270
872
3918
2778
3874
6633
6291
4320
3419
6238
7213
3710
3862
7787
2645
6147
5185
5128
770
3722
5702
638
6534
7113
903
6252
1706
334
4993
2858
4627
6553
974
2292
6928
2691
7196
3025
1352
6353
5093
4793
6800
4191
3287
1118
7448
4675
7911
7715
3250
2453
6121
135
2428
5815
146
5078
4357
7620
7201
6037
556
6779
67
3923
2168
3865
6834
6647
3775
3116
693
5102
4305
4125
866
5476
7983
4502
2837
4784
6620
1238
2408
5368
3628
3556
5189
2509
6176
6955
6696
667
3925
5953
6211
630
5794
128
1925
2820
2721
184
4499
4842
2289
1886
603
6135
4911
7799
6772
665
6529
4800
2532
1892
7075
474
6863
4818
1955
158
6694
4599
5156
1500
4152
4203
2401
4423
631
3599
6518
5305
3564
3886
7
2299
4902
7708
1030
6532
6654
31
3428
3463
5004
2467
705
1585
1979
6017
1775
3251
2392
56
4897
6864
6271
4163
1841
879
2301
3218
2
4143
3006
7716
4654
6645
7796
1733
4631
401
1496
1305
5504
7695
5973
6598
3847
4762
347
2098
4881
7043
1656
117
6528
4435
749
5155
4054
7585
1367
6816
28
7760
7263
7555
3973
4032
1761
365
5211
6502
6331
867
2970
7857
2874
7900
218
4011
4061
6572
3427
171
3641
5720
6065
6068
1586
4376
2259
6486
5399
3655
4761
2629
6783
536
1106
5039
831
3452
3777
7077
6499
3609
491
7530
4562
963
6862
1972
272
637
711
846
4257
4636
6310
7813
7266
3222
3021
4646
5647
568
2669
5606
3896
147
6794
6546
4213
839
5718
5898
6142
3072
338
5876
5682
2396
3001
5181
7120
827
4115
3245
352
6649
947
3652
1157
1192
403
7748
955
4734
767
4886
7893
3070
923
7380
5264
3941
7421
3525
4954
6716
4541
2386
21
7346
4368
1274
123
3857
1181
1074
6315
3963
7960
5341
3060
4947
3627
5310
6789
2032
3621
6651
4926
806
6521
5356
7379
4828
4878
5457
7260
3381
4919
1512
5312
4852
5742
6288
470
4868
3301
4437
4909
1698
2897
4527
1154
7087
1165
17
1102
4528
3368
1782
7535
5186
3027
7636
256
4922
139
1709
7405
3629
2484
1618
808
7255
1466
769
4446
6187
1607
2851
5705
7870
3726
5491
4284
5852
5350
3842
5923
3521
5858
820
6556
4732
6498
857
949
3572
657
3415
7416
3467
5404
7268
1627
891
3851
4944
715
4811
756
190
1708
569
4637
4873
7186
3039
6896
7423
6731
778
2485
3945
442
2729
7465
2057
5849
4199
7308
5317
739
3509
1995
4202
2249
3265
7621
6259
5938
3522
2382
48
5421
1737
3293
6382
1721
5862
1390
4166
3982
661
3833
2917
4668
7137
5883
4997
2077
3128
1982
4418
596
2113
5683
4218
1502
3207
1640
3764
5480
3104
2856
629
1317
366
4832
1198
6439
5201
6921
3779
2461
6873
3248
3066
103
4311
4380
6169
3252
6397
2676
6973
7232
6536
1707
3065
6269
2668
3102
2939
7191
2241
3505
6541
2513
1812
6934
2848
4827
2947
5105
5534
1124
2352
7917
6007
3426
4612
645
6344
3263
5809
2424
3784
747
2169
5434
7849
1094
6105
7603
2042
4056
7821
7599
4921
6289
1464
7996
725
4157
683
4946
4144
1960
880
4998
4133
1387
3897
7212
5500
4120
5285
5753
1535
3906
7103
7578
5656
6749
5773
7797
5632
743
704
1910
3587
5972
5689
6325
424
2237
1539
4164
7272
1896
5825
7737
3965
6167
814
4796
5597
4514
3052
3226
7158
3205
453
1114
4983
3416
5444
3356
7444
6757
5523
5079
4150
1228
6119
1057
5743
3767
6165
1064
4872
1290
5866
7661
6069
7980
2761
341
3541
6196
1125
6719
5372
2141
3126
480
100
2941
2026
2940
7570
5315
3192
2076
4495
3864
4870
2170
2982
4462
5015
6267
6367
2258
6374
3854
3653
3200
3825
6999
6330
5992
735
4699
4019
4725
6564
7728
6817
7752
1160
4234
6721
5266
1108
4422
5546
2045
2530
463
330
2578
3893
3282
2049
1015
1644
7645
5943
5605
1542
3824
1525
2834
1778
5203
7467
3846
410
4745
3717
5533
7577
833
500
4586
475
5563
6809
3575
5963
7211
2290
7837
2649
2056
6996
2907
4411
5501
6166
3275
4060
7259
5037
1785
420
2096
5114
494
3093
6574
2727
5112
6827
1793
3633
260
3319
5017
1670
7658
1570
7102
3143
6890
3530
1440
1255
6976
4102
2571
1477
7975
4740
3759
1356
2067
2965
3332
4444
5798
3681
6181
7221
1577
1834
7541
3224
1130
1222
607
6084
1962
7817
441
5183
1201
3325
2547
5644
3689
2679
6552
4566
6792
6372
2337
1673
1699
3501
2997
4237
5005
2847
3580
2706
2205
1677
1169
80
4990
7495
3400
7242
6662
7477
3643
24
6408
5603
2409
6313
5685
5311
3951
4695
7387
41
7034
5749
7494
2608
3995
1977
5691
2961
5197
2742
472
3557
4480
2184
1263
49
2313
7207
5459
6892
2031
2708
5937
5775
6190
3543
2998
37
4425
3363
3658
1051
2413
7202
5795
3020
3712
2612
5217
7051
877
6425
4855
7473
3421
2199
2033
2380
3130
7325
2975
113
5299
4724
7288
3157
4316
5425
2062
1052
5490
7684
4175
5568
245
5070
5416
4267
7342
3407
3331
3908
6469
6793
3926
744
5043
992
4988
3942
3937
4445
4374
4365
650
4124
3855
1754
5779
7851
6992
7804
7733
6464
5968
4532
4698
7982
942
4240
6824
4491
4579
3542
7614
7407
1215
1964
389
1501
7101
3449
5867
1499
1146
6635
1958
2174
6205
7132
7046
1273
5214
5274
3276
2643
1031
6411
5917
3664
952
7439
7366
221
5137
1235
1065
3420
2143
1355
6347
1375
1557
5544
6088
241
1843
6478
7648
875
6162
5989
1766
3118
527
6286
6995
7587
1400
6341
6033
1540
2648
436
7024
5944
163
3390
7435
2786
5712
4516
7429
953
6221
7390
5278
7253
1433
6848
3962
4407
2136
4506
1745
2828
943
655
6461
6750
1832
5666
4992
2036
1534
7838
6246
2043
6707
4650
4547
5559
6032
2246
2226
7160
5161
3302
4489
3783
2634
1840
115
5907
310
3095
99
2930
5314
2888
2863
5936
6452
6951
6368
2164
5400
3387
5393
7602
1003
6450
2569
2001
6085
3940
4545
1828
5258
3787
6355
7933
4510
2421
958
663
4296
6797
2735
2052
4181
4438
2723
3158
4567
4624
3330
5537
5780
6018
3053
4764
848
2793
6979
4105
2303
336
1533
7082
2443
4776
7004
5334
6659
240
6302
4991
746
7826
1675
7285
6901
3640
6226
7273
2843
732
3073
4014
3495
703
7418
7454
6107
1580
4904
1797
4081
4748
2224
3217
2686
4220
4673
3924
6780
7250
3401
1474
3203
6851
5134
6104
6725
2777
2597
1245
5204
913
7420
6601
1208
3943
2552
2774
211
2692
3284
6491
777
1080
5282
1213
3588
5281
3096
6905
5957
1878
5246
6987
382
6838
7938
7357
7057
1478
6432
4594
182
112
6496
4653
1917
5771
2750
6875
1193
372
6916
7395
1136
4190
2050
4451
2681
5033
1265
3725
969
3728
7738
3697
3751
4877
1940
795
5700
4481
7345
1508
7203
5591
5608
5881
801
404
7481
1225
