2278
774
3784
1229
2160
990
3657
3348
2133
2816
3866
841
1862
2864
3880
1380
2709
798
354
438
1106
2880
1938
1168
1194
3690
2678
3172
2216
481
2796
3793
1963
238
1783
846
1284
3275
337
551
995
1608
899
3531
1533
2729
1396
3378
2194
1659
3057
2948
3438
2141
864
1498
2467
2993
997
3713
2982
1083
3592
3735
1490
2992
1720
1544
2388
2756
369
2065
3368
3182
3141
3048
1091
1473
1156
3101
2770
207
2096
3050
3913
3636
3100
3546
1864
2488
3948
3321
806
1436
3522
3584
2517
3899
3207
1417
1591
296
1901
1798
2640
2844
1189
1361
2734
2280
1928
2405
3209
3473
3549
877
2613
776
2314
2842
1761
2340
3362
1081
3541
2692
3990
1970
1222
3268
820
1771
3064
348
975
311
1096
1788
3834
2595
3843
3149
3185
3385
662
472
161
235
3704
1247
3029
202
2373
2642
3090
480
3501
2026
3889
3794
2102
572
1974
3643
2028
2143
3863
330
1651
358
3427
612
910
261
297
763
1239
3496
414
3816
3436
1187
1739
1998
2964
2638
799
3373
1252
1200
122
165
2700
163
3910
3533
1460
3287
329
20
93
1879
3394
3817
380
2922
3633
1554
2565
2146
444
1278
3695
962
1903
453
293
3376
3285
189
2806
2898
2310
3824
3714
1402
2020
2661
405
1615
1369
1343
1186
1830
19
923
1545
2130
3121
1572
563
1671
3218
60
3848
2054
1045
1623
3081
3812
3330
3347
3398
817
1823
1000
2689
3829
124
1175
3701
2791
3013
2287
1323
1949
1481
754
3078
2977
3455
3515
911
574
2581
3384
3135
2071
3238
32
2688
546
585
1513
533
1152
1535
484
978
1151
3434
1365
423
400
392
1621
2366
874
3752
3748
2446
3140
3786
1926
2603
295
2434
53
1280
89
3770
3941
1955
2408
3054
781
2955
3338
3002
1371
1817
1876
2743
432
2345
1202
84
2998
489
2004
1318
1060
1274
1012
2184
1566
3850
3203
3872
3111
805
3162
1936
2945
3092
1700
2878
1366
2710
2255
2530
3300
3435
182
621
736
3712
1441
7
2497
889
2570
410
980
1890
1055
2838
2478
102
1144
1458
2361
2476
721
2683
342
2094
345
2499
3929
2937
1649
2699
669
2544
3217
3358
679
965
2198
2725
2554
2402
3962
2766
417
1263
2231
636
3317
2702
3404
2618
3016
2987
404
103
2979
3556
429
1267
1715
2409
904
457
796
1495
1294
2732
1408
2761
1140
1932
1656
2107
116
1607
3399
1537
767
1413
3011
1701
3194
2889
471
3108
2106
643
2387
935
485
2166
1964
3814
465
206
411
2057
2267
2090
1348
825
27
2903
3722
1235
154
812
1270
2629
617
3900
746
3912
1811
173
1828
2707
3721
127
3717
125
1793
309
2831
2432
3027
1571
3403
3776
3995
3093
3799
3119
803
1451
1117
922
2523
2137
223
2800
2017
1780
3038
1953
2114
516
2311
2196
1765
959
387
886
3005
308
132
595
554
3579
926
2007
1321
3428
157
3566
3053
2321
360
3699
3292
3084
1269
3581
1976
3608
3043
2309
3363
853
2180
264
1356
2817
3884
1425
3558
2597
3559
646
2274
785
2391
3937
2983
3219
795
802
1694
2515
3350
42
2398
3102
3063
1728
473
1019
613
2420
1618
3656
3697
1056
2926
2585
720
3631
1690
607
3169
341
2815
1802
3711
2507
260
3887
21
2536
1637
1745
1650
3555
2399
99
2147
686
2279
1223
3059
1109
1014
1912
2876
3986
1256
660
3942
1217
2519
1257
3936
1124
2380
1893
434
1756
3981
1580
2126
3551
1920
3313
2829
2455
3544
1553
2776
242
3660
3667
2079
3356
1639
2718
2868
2847
420
862
3984
2698
2135
826
2959
174
1211
3498
197
664
639
2573
3372
1293
3926
470
2853
1220
2195
989
1900
3839
2069
599
1316
2807
2720
1069
1986
3074
1873
3563
3125
3303
3561
409
255
3018
849
905
1450
1177
984
1101
1097
1008
3021
323
1165
2185
521
1885
2997
1636
1966
1338
2606
3512
2906
2392
3408
3400
1990
2154
2188
2981
3624
2117
72
1883
2425
487
2591
17
1137
1286
2755
2930
2178
436
441
1764
3601
2923
1797
892
3952
2786
1721
2187
759
2211
1642
3502
1738
856
490
3767
3166
1895
2954
887
334
482
1714
1290
390
1794
1914
2484
3339
3847
2759
1791
2866
1725
68
3212
305
2381
2500
594
2129
2521
1370
445
2263
640
2559
1206
967
364
2916
3008
1255
1271
3309
403
1504
2574
1641
201
456
1228
2528
2671
1311
1403
2162
3480
224
3897
2952
494
1218
1596
3386
1590
675
2469
2787
1006
1577
327
1992
3291
140
2327
1808
2270
2834
2602
1913
1237
2518
1201
259
943
2448
74
3422
2705
2351
254
2655
3181
3221
2468
1135
2440
3856
3200
2548
3781
555
1675
3460
3719
491
1377
1353
3680
2191
398
3269
2686
2694
1512
1376
386
2349
2991
1400
3147
2914
3448
3747
1182
3744
2052
2401
1433
3458
2857
944
1126
3801
2809
575
628
927
1034
2158
1593
1128
1564
2181
1320
3771
1892
3664
2965
126
419
1718
1679
602
1633
2679
476
1212
705
2576
2221
3286
684
1258
3574
2252
1203
3516
2920
543
1093
1693
449
740
3918
2336
577
2089
394
150
968
1543
3519
2322
789
1996
2899
3530
1159
1878
172
1924
3410
2495
3736
2712
1667
2917
2739
1567
267
949
1073
6
1076
194
3267
135
3361
2013
1746
3733
2024
1104
2145
2457
2798
1620
3266
2169
2207
128
530
1975
726
2027
2566
1881
2506
2765
367
1942
3025
2869
3779
2727
1943
73
2644
1216
2775
3662
3282
3743
2915
500
1213
3635
137
2885
1462
2790
1985
751
3472
428
976
2276
3411
1123
3591
813
1466
2639
219
2368
832
3412
1751
3815
270
3851
1972
385
1264
1612
2569
1312
3307
3728
1586
421
626
693
3274
44
2990
1702
2396
665
3308
1208
987
1070
3720
2562
2449
971
2066
2461
3894
715
164
3597
3598
76
3042
13
2877
2212
3774
2029
3133
2723
3788
2824
3391
2735
292
897
2624
3890
3489
3854
1455
986
402
3545
3374
2241
2406
1399
1292
1170
2758
3820
3505
3247
26
1961
2128
3810
1048
786
2598
2173
1164
3508
2109
3334
2502
3033
2411
2286
1054
1122
3452
1922
3663
2610
1184
2220
3208
1689
1950
1049
2076
3652
3571
158
1029
2035
1614
3760
2552
3355
3846
1552
704
2932
1606
762
1488
1444
579
2804
3311
1162
2092
1708
3424
2214
2450
1207
3324
591
634
1842
2797
1530
3832
1743
1711
3230
600
3678
1484
184
177
3164
3441
3777
493
3224
2802
1774
3646
1491
479
2654
3935
1846
3758
2452
1230
3495
1555
1710
921
3046
262
193
1987
1989
535
708
458
2625
3109
1713
1827
3465
1704
3001
2837
2957
118
1863
998
2471
3686
3807
2142
119
3491
47
2192
3698
2170
3041
359
1337
1799
1801
3087
3380
2217
131
3440
2226
2400
1125
1875
1088
1127
2615
263
2924
3790
2830
1861
3825
1314
1469
499
111
325
692
3145
703
203
590
1367
2014
3586
1002
2487
1673
870
3293
2645
1373
313
3477
1448
2978
3716
3360
2262
1429
2620
2238
1587
1703
3345
1909
3254
1016
1832
91
893
2850
1119
448
814
3097
1814
1508
1003
761
3154
1234
1556
425
3077
1233
2403
3490
3354
2269
2994
2331
3487
1898
3359
252
2649
1787
361
900
1831
1916
1578
3726
1241
793
757
2719
2543
2353
2325
918
1136
3085
614
3528
70
2318
1915
455
3968
483
787
2097
3883
548
2958
80
214
3052
2242
3715
3290
113
3930
178
66
2464
3768
1420
2549
1569
3766
2383
2900
2936
1957
1183
2963
3610
1387
958
3342
3433
2431
3976
1762
2002
890
1502
3806
1524
1880
2116
3614
3139
2801
1440
1245
3467
3734
2737
2436
780
852
3751
917
3004
1652
152
2343
2561
2614
875
3604
1492
3314
2773
3859
3326
1906
3215
872
1259
1666
908
2337
3405
3369
2125
2498
2012
1968
2091
2811
2305
3186
2491
1611
3493
1465
1161
1941
3567
1404
3381
1493
3486
1391
2070
722
282
1810
3864
2851
2540
3811
3650
2612
3032
3120
1295
737
1665
1628
3580
1195
2085
3471
3682
2510
2120
1389
2084
1695
510
2949
2222
1190
3904
2902
279
2862
277
3115
1386
1779
3694
2042
915
1064
2873
2547
3407
1760
2393
30
1645
3791
2407
2299
3513
953
3499
3537
2575
3131
2365
1249
596
994
583
374
2823
3844
810
743
2458
3401
2232
2557
181
3644
3040
1991
3647
1668
2204
176
653
2896
2200
486
3352
3921
3468
2627
782
1786
108
3210
791
2660
2277
3475
2265
1215
706
1385
2564
2016
2475
215
658
1758
3838
3017
3708
3857
753
598
169
691
2545
1475
2509
644
349
2005
2230
3876
3661
630
839
834
3813
1894
1301
3785
1902
69
1680
2486
1285
920
1010
2073
3593
3645
1872
2592
112
2659
3117
3669
2268
1036
2437
1722
3975
3677
804
930
2423
1188
3727
3116
2716
31
3242
562
384
588
3895
1148
1678
3420
982
2818
724
540
3035
3654
2350
3336
3271
1260
671
3031
3648
192
2031
2246
914
1954
1907
513
121
2751
3104
2417
3469
3199
3318
623
283
3625
2733
1601
1041
666
3014
2935
3992
2426
1291
847
2121
452
838
1059
2256
1824
758
869
2820
792
1733
2460
3431
1325
549
3684
2582
2934
769
1225
3134
1043
273
1116
3971
1397
3188
1772
183
2064
2021
478
2708
3898
63
3685
907
745
633
1395
3923
2301
104
2897
1952
3142
2049
610
882
2272
2794
2740
244
2535
43
3852
2825
1550
2171
1503
1193
67
2099
3138
2785
1486
2041
2944
1826
1478
611
2456
477
2747
3024
2572
299
1250
545
3989
3007
209
3028
1050
110
1899
3915
355
1732
3705
1261
969
801
3446
541
1747
2006
1171
931
90
2516
2730
3246
3879
3449
2799
1224
3666
2134
1022
3568
1853
568
3205
1424
1754
2611
3095
3442
3075
3964
3044
3845
1595
1072
2912
2933
1632
191
1676
3346
3118
3600
2428
3908
2377
2757
3243
107
2895
883
1147
2001
3805
1007
155
619
3213
2466
3261
2302
580
2113
894
1997
2687
2375
1068
713
3175
3426
3276
2000
3105
3039
218
2673
2763
2494
250
1629
3461
87
2047
1622
1884
1279
2648
144
854
983
2738
3573
2203
2664
3612
681
1017
3353
1362
278
3365
519
3003
2413
3526
1079
3587
98
79
2663
1358
2704
2165
2225
1599
1421
2273
2043
3482
827
1579
3061
544
824
871
836
12
2025
3179
512
9
3160
711
2330
2901
1857
2601
2960
3163
1815
2078
1120
2205
1962
2271
739
2174
631
3802
1179
1604
3818
3740
241
3982
674
3127
3946
1464
3901
265
2946
2118
1971
3554
3331
36
777
3418
3970
1089
1426
3980
3577
3310
3153
1625
2075
1142
1800
2681
1085
1061
3759
3761
891
3026
3783
1231
422
1999
3640
3294
558
2261
2233
1684
2512
363
1334
2676
1727
524
1501
3201
2228
993
2474
2724
451
1143
3830
2670
3481
211
3590
2011
3388
1712
932
268
1888
1757
942
1568
1364
389
258
3289
3517
1037
3808
2312
3862
322
167
1548
2599
2163
3305
2779
1589
2223
3755
952
3253
2677
3787
2826
605
1662
1100
1663
2941
723
1687
3068
981
1559
3967
3606
2722
2479
2354
1977
3853
2973
2778
2101
3255
1523
5
129
245
528
1209
3337
1163
2416
2040
2879
2667
106
3367
2046
399
1565
492
1600
3725
3607
1834
2662
8
2813
2234
346
945
1479
3753
2038
11
538
1350
1742
2827
919
1196
3867
1812
609
3842
1410
1372
1009
412
96
1272
716
1973
3497
974
3773
2556
642
2
1363
2586
3173
2890
1610
3933
2410
1379
1304
592
1583
1062
188
3152
2298
1557
1166
3950
797
3965
1423
3520
1103
3603
2150
324
3304
1317
196
1981
1354
3940
3132
819
3060
256
39
2044
2470
3196
269
898
733
370
3464
3382
2444
3821
707
1602
1277
2828
2637
303
843
714
1095
858
2788
2675
2892
1750
2821
3638
1588
1509
1181
2634
2975
212
3445
2294
1605
375
1221
523
1390
2364
3488
1699
2293
3306
3503
2348
1505
2539
2208
2550
2754
467
648
61
2257
1723
3451
3609
1105
3214
1265
1735
710
1847
3123
1806
744
1180
3878
699
3932
2264
1731
2803
469
2980
1446
988
2148
2976
2415
3233
382
2753
2186
601
1381
2138
2939
2744
1112
3296
3390
23
1227
661
225
2623
2750
371
3998
652
1499
3928
2762
2056
2010
2696
770
807
2376
2608
503
221
3180
2447
230
2053
1958
2849
130
903
3396
3439
3076
3611
3341
1561
1581
616
123
3088
3518
3629
833
2111
880
1331
3877
896
1927
1692
433
3086
2335
3010
1013
1497
1150
1681
3881
1407
356
584
2854
1626
2578
2590
1281
3888
1978
3585
879
408
3279
1392
2520
1507
961
2167
3022
2875
2921
1994
702
645
816
765
1634
1107
888
1282
220
2063
1582
1283
1214
1947
3552
1205
2168
379
1597
2836
2904
3700
285
2496
336
2881
3332
1020
556
3189
1658
3485
878
1158
430
3828
2103
3582
1463
992
466
3803
1685
1094
788
2307
3466
3835
895
51
3630
2172
3157
3972
2036
815
687
3907
1870
1940
274
180
3961
3689
1889
947
2636
3222
3525
3
2346
2701
2505
2385
1139
784
2665
3171
3415
1933
960
2472
3945
1527
1155
1631
641
2888
3709
3617
2891
3914
2666
3320
1422
1528
2462
186
3190
1979
1598
2527
3069
1877
566
1266
1686
2742
2422
1442
1822
142
3557
1315
3231
1835
2669
3198
272
2784
1525
54
506
2050
2630
1603
16
1766
2969
208
647
3618
2861
3641
2229
2913
3861
822
1576
3034
718
2218
495
3174
321
3019
840
1153
3745
431
3873
2605
3492
1157
3659
569
1821
1946
1792
3366
1288
860
2714
2342
2845
1874
2883
742
3658
1851
1145
1254
3204
3316
1031
290
288
2560
550
2632
3192
884
3896
3639
3688
906
1782
1789
2284
1836
1344
3206
2971
573
552
2100
1341
2206
1427
3504
2258
3826
719
3110
2209
3323
2583
3137
3450
2291
571
1549
2953
2378
3457
3260
442
1519
3840
2317
1042
1329
71
655
2313
3772
1452
460
517
2985
3030
3045
2451
1169
338
2513
3252
3015
1199
3730
1759
1837
3055
3959
3778
1111
2352
1790
2588
1930
3036
2062
2886
2745
670
2783
2240
3934
2371
3994
1065
1118
1051
3724
1474
2008
518
1026
650
353
775
3193
1905
281
1859
247
683
2814
3875
2769
3259
3999
1948
2668
855
1057
2938
1243
1592
2752
1273
3651
3547
3749
418
2136
902
1547
532
2607
1313
1960
300
2445
3357
251
1476
1778
234
2347
2856
287
3126
678
2584
2956
3595
1896
1558
3706
2767
3216
1775
1078
25
3634
1098
3527
117
2529
3548
204
2841
3762
1538
618
2250
2363
2795
1299
1897
581
1322
2810
228
3425
3155
695
1063
620
28
2421
529
3954
1074
2594
1132
865
2108
2104
1238
1980
1856
1635
3627
627
2473
553
536
1534
2037
1516
1838
876
138
3387
284
2492
1253
2748
2374
3454
3047
3514
1768
3550
100
2039
677
1643
2093
1004
1302
3523
3822
1617
291
2019
1305
475
1935
2308
3129
239
1357
3764
3241
859
1730
160
1172
368
3236
3983
2115
2760
537
668
1717
3594
3746
2213
3536
3257
14
2568
1661
1709
34
1706
2243
2967
407
842
1705
2443
1335
298
3494
2032
198
2589
395
972
2140
85
3991
1393
656
2414
378
271
2059
366
1619
2672
963
3960
463
1921
3395
3423
570
2534
143
97
1027
2571
1131
629
514
1809
3858
3602
3891
735
2551
3066
3397
3083
2741
339
347
227
1724
3903
2355
2132
2083
2339
2003
373
3870
2972
1496
2970
1844
1560
3244
3616
3051
2919
2030
1339
3741
1918
2435
3113
2459
3349
1
1121
2397
2617
3421
3978
844
3739
3553
2077
3178
3757
343
2511
2463
2177
319
946
1244
637
105
3951
2989
3540
2910
3927
1405
1887
1850
651
2210
1869
3500
2731
1108
3187
1033
2281
2974
2362
991
1696
3456
3006
3672
3782
823
1115
1697
3103
3710
3298
2596
1005
3665
3430
2503
2157
253
2490
2563
1240
567
1716
1584
1785
2151
3924
2567
2558
312
2839
3470
2726
3270
86
226
2871
2822
2852
187
3136
1432
2155
1726
352
2988
3865
2088
1923
3919
3096
1160
1515
741
3507
2905
1047
1531
3114
439
3273
1807
1324
266
2394
1795
3099
3931
2616
3542
1383
1330
933
391
941
248
0
1130
2984
1995
657
738
1910
531
509
1276
604
672
866
3223
1506
3906
3797
1018
1820
3037
1669
1409
3679
1167
3447
2386
1434
2424
3943
2453
3000
3626
1925
2657
1113
1871
2653
3315
1030
1931
712
1917
1467
2682
690
496
1825
2600
29
615
3668
1647
1332
3406
1848
2531
2201
1755
694
3506
1945
3340
3250
2144
75
1415
3565
2061
88
2110
3987
916
166
2105
1489
1347
3947
3841
2908
2358
1541
139
57
1951
2626
2533
1236
2395
848
3453
2153
1688
2482
3370
1967
376
151
1418
934
3343
845
1526
2384
697
3763
2338
1573
2023
3159
147
2477
1443
2344
1268
3249
606
1532
3729
175
2124
246
2295
850
2320
909
2781
3836
778
663
1394
3328
771
1439
2156
717
2131
1471
1672
3402
1092
2072
2525
2504
501
3237
1480
1908
397
1988
3170
2996
901
2780
1542
1937
559
3322
3996
3344
2840
1707
1540
1327
2835
3874
156
1262
1855
1388
2182
698
3642
3985
2514
2721
2962
1090
2950
2315
440
1677
2619
2074
2940
2112
146
1773
1719
2465
985
3707
3893
1638
351
2867
522
2175
1796
2288
1511
2894
3128
2122
3264
3383
357
1627
924
3693
2928
3476
2746
3283
190
4
2239
3429
1275
2081
2127
3955
333
3265
578
837
217
2651
1514
2680
362
1099
857
954
3538
539
608
3258
1219
2193
3165
2412
1437
564
462
1046
1729
3691
195
3886
1858
3167
1251
3754
3925
829
3849
2587
2326
1959
2341
2275
413
2356
2022
1040
435
3335
696
561
2711
3535
2555
3655
2647
667
2202
233
3539
3620
638
3379
557
2805
3151
701
331
3957
1648
1138
1934
3792
2123
1204
286
925
2706
768
1613
1660
700
1939
3605
3569
3589
3091
2329
1346
851
316
3183
1500
3082
2328
2485
1563
3860
2433
2219
1246
597
58
2713
2441
1594
1307
2480
504
1630
45
3979
424
973
1023
2333
2693
2316
2961
2357
835
1445
179
1067
236
120
1845
1803
314
3107
3653
1349
1419
873
1653
3564
2604
318
2870
2419
162
3251
951
2695
526
1767
1310
2907
2051
1287
1886
3944
3211
3570
1080
2925
3809
3974
760
3248
507
437
3702
2633
1300
3892
2947
3375
2542
756
170
940
3229
1058
3056
340
1015
3798
565
2860
2628
586
1198
33
1457
1804
3143
3295
3511
2684
2060
624
2764
459
560
527
115
1485
861
24
3413
3301
1133
2215
450
3953
732
3599
2369
2197
2579
3371
2068
3963
1691
1242
3831
3949
1416
2522
1546
2789
2404
3263
2139
1141
2872
1173
1032
1919
3827
1382
868
3687
81
243
275
2703
632
1438
2285
1521
3637
3909
2609
3938
1683
3239
1517
731
1854
2454
2863
3071
1333
2082
750
3256
885
1411
2266
2526
22
2253
2382
2323
3325
3393
55
3703
461
3080
1430
2247
2650
1308
2438
2887
1210
1435
1470
3905
2882
593
1306
2303
3562
2715
3462
3072
426
168
654
401
210
747
730
3958
1077
3049
10
1375
393
416
2319
828
3130
101
2260
939
3459
811
1657
1929
2793
1102
2289
3675
3070
542
231
1384
2334
1585
3966
1232
1965
301
2846
1624
3277
1176
3988
381
1849
257
964
3419
3800
1487
317
2237
2812
49
332
2621
3444
3769
1969
2189
1654
2179
3622
3176
3956
153
3869
766
912
15
46
443
294
2161
1539
2164
1359
3168
1355
2190
3150
3409
3089
464
365
3351
216
2942
468
83
1326
344
3299
2483
3220
3578
1021
3297
185
970
3692
3484
1749
3969
1805
335
3463
1770
3280
1454
1028
1769
1640
2249
1248
3148
2929
2372
2018
3588
937
2034
2532
2296
977
2931
2306
2058
1309
2986
749
779
582
2427
2674
2251
2777
955
2429
1616
2537
1114
1449
2481
3156
3281
383
603
3532
64
3197
3804
2493
148
2501
3756
474
1342
3596
3529
2248
65
2772
3628
966
2909
979
1289
134
2227
2282
114
2430
1494
3973
3364
1983
2685
2359
3327
2259
1477
1185
3837
2848
1191
3922
415
78
1891
3232
1574
3718
1784
3632
289
3775
307
1776
1360
1226
1412
3615
2300
525
498
2370
3543
1197
2771
3483
2087
1518
1087
3272
1781
2918
3023
77
3098
808
3122
1841
1453
40
831
3020
2843
159
3882
938
3524
1298
1520
3868
863
1482
673
1734
3911
502
685
141
2389
3521
222
1296
3670
520
3417
2297
1378
50
1904
3674
1472
1110
625
534
94
1297
2995
1352
3065
3112
1075
2999
680
1698
3560
956
3510
1468
2577
2951
3737
2927
3124
2641
2098
3885
2508
1682
3079
1483
427
2367
1674
821
1129
136
3575
2580
2360
199
2245
3235
676
1154
1456
3576
1993
2656
2774
1303
783
171
929
3750
622
2119
388
3902
1655
454
315
1752
232
867
1522
3613
1736
1740
59
3234
3009
133
3184
2833
2418
589
3681
1011
2546
1866
350
3619
3478
3414
996
1149
145
1829
109
3649
2893
2324
3780
2658
772
3416
1865
2292
3671
515
1833
2966
547
3245
95
229
3833
1867
1753
800
326
1670
3696
3939
2911
92
3094
3916
3738
1406
3765
1575
950
447
3993
41
818
3319
727
2283
3479
3106
2538
37
3392
2782
3158
508
3683
3723
1741
2442
1984
1398
1447
18
649
2224
3288
2067
2080
3731
1748
3284
1001
377
2884
1052
794
3583
2159
2691
1882
2593
2874
1192
682
999
689
35
3732
2690
3333
3432
1860
1038
728
372
3823
3067
3144
725
1956
2855
3062
3191
3012
237
2541
320
2652
3509
2235
659
1852
881
2045
3228
2183
3377
936
790
1336
928
1044
3177
587
2254
1431
3676
2033
1644
2290
62
2379
1345
913
1744
3225
1053
205
3389
1646
2332
3742
948
213
1944
576
2390
1570
2635
3623
3226
3195
2792
446
748
3855
1319
764
3146
1843
773
1777
3534
1086
1082
3920
304
2199
1084
2015
2009
3278
2524
1982
2859
149
200
1664
1374
396
1536
2176
3917
2622
1428
2717
1461
3329
3437
2749
755
3871
1529
1351
2697
2631
276
2553
1839
310
2808
729
2236
1039
488
1174
2736
1609
2643
1071
3997
3977
1340
280
3443
1134
3073
2968
688
2244
709
2819
2646
2858
2439
3789
1911
1818
1035
2304
48
52
1819
3227
511
249
1551
1368
3673
3058
1840
1562
635
2768
1024
3819
2055
3161
1146
830
3795
2149
3202
957
1401
3312
2832
3796
1066
2048
2489
38
1328
1025
1414
1459
2095
56
1178
2086
82
505
734
3474
328
2152
406
240
3262
1816
1510
809
1868
3621
3240
302
1813
3302
306
752
3572
2728
1763
497
2865
2943
1737
