167
524
715
121
837
842
727
511
659
371
62
332
437
133
922
217
707
297
959
38
941
322
573
813
59
158
806
918
909
470
482
549
309
908
527
848
460
144
477
692
399
713
693
171
643
945
145
978
230
66
288
397
602
623
994
114
740
263
691
82
709
267
300
833
164
355
844
939
590
906
852
812
46
47
292
388
207
562
196
2
262
222
688
140
499
535
682
768
451
802
769
786
343
48
977
415
846
498
875
268
50
766
106
627
500
603
889
257
134
563
694
981
293
581
898
54
491
43
680
529
225
628
725
645
376
478
663
178
576
394
880
783
271
522
305
826
111
517
884
990
907
858
162
601
80
732
513
180
947
616
135
773
782
273
433
619
575
712
538
696
455
878
610
424
741
69
849
489
413
836
352
865
593
464
290
719
182
676
380
995
274
411
896
169
578
360
845
704
505
819
299
458
3
839
580
278
260
536
671
993
390
953
280
30
421
454
598
405
521
112
792
821
559
502
869
53
975
393
344
269
796
236
191
345
105
561
311
520
483
10
226
456
618
156
316
699
996
651
67
13
439
232
163
543
607
331
612
87
73
686
687
74
665
428
877
762
342
346
21
540
785
539
192
737
957
776
518
123
36
412
929
571
78
530
857
319
190
329
471
193
591
9
781
840
635
556
636
729
803
592
141
817
805
228
5
739
459
835
129
18
779
604
441
318
905
652
101
450
903
403
639
509
427
446
25
420
203
243
276
765
630
690
847
777
476
313
992
973
325
859
654
440
283
873
183
910
555
754
984
615
962
186
726
986
467
479
138
832
494
256
248
55
438
938
173
913
553
655
872
396
928
942
335
23
216
113
656
204
965
642
810
830
760
16
326
531
954
22
487
689
289
63
165
215
52
972
84
572
900
130
348
241
312
310
432
132
674
75
291
871
952
510
11
657
504
891
723
17
244
722
484
202
587
534
733
955
49
465
860
949
285
198
550
649
775
72
480
588
757
937
916
384
664
850
507
749
188
708
314
621
492
895
801
547
120
51
340
159
284
457
372
220
897
756
966
255
266
157
911
596
631
932
212
6
270
281
275
364
999
564
235
218
330
4
626
469
93
944
136
557
392
401
315
42
599
814
772
179
641
867
582
95
485
323
302
827
303
366
353
736
566
474
617
91
398
264
229
423
625
544
77
259
373
361
214
506
841
166
385
8
920
868
211
240
855
685
125
915
365
258
679
146
197
402
208
337
675
416
750
589
184
174
272
894
98
449
820
404
497
863
473
321
210
461
983
608
793
788
41
201
743
287
379
653
752
24
637
374
771
430
358
523
92
119
304
997
533
155
181
797
838
644
115
862
307
963
800
940
124
574
967
382
86
702
44
407
370
969
976
39
334
794
799
359
221
851
774
122
585
716
606
678
378
350
583
917
934
512
935
71
988
306
964
961
648
231
751
811
368
15
670
710
466
249
435
825
223
714
199
516
816
646
807
658
519
414
545
634
525
683
97
45
436
620
152
705
948
980
463
170
853
205
81
701
200
107
19
27
864
434
65
985
717
383
56
137
728
148
369
418
381
758
614
417
108
149
982
445
254
447
425
362
246
778
734
153
31
904
843
677
822
99
856
408
960
560
919
320
711
431
979
143
118
347
150
131
363
879
669
748
443
731
187
448
924
632
870
784
475
930
409
419
142
946
28
647
703
253
239
567
324
927
552
327
667
738
14
791
168
698
763
247
296
600
568
317
349
770
718
85
541
958
406
219
301
950
764
970
68
357
389
548
96
12
892
584
139
971
660
874
375
76
89
546
866
395
730
595
189
542
854
987
795
206
64
261
569
885
472
333
706
745
613
742
594
662
356
493
237
526
767
831
172
160
426
672
1
79
931
100
991
597
624
697
890
61
914
882
724
452
893
974
341
570
886
809
251
787
213
721
759
29
102
815
501
70
537
577
956
532
668
790
387
57
328
35
876
720
695
127
558
804
998
151
442
650
161
462
109
209
514
638
925
377
32
629
789
386
823
747
88
116
481
834
0
94
490
103
761
175
128
902
503
586
640
242
176
351
277
989
673
367
468
579
20
681
861
245
234
700
90
968
298
605
286
528
147
755
250
486
926
901
495
60
444
233
899
410
336
746
824
391
282
666
252
154
294
912
308
933
429
508
83
279
943
26
238
887
58
684
295
339
818
828
633
177
661
265
609
117
40
185
808
798
453
104
515
951
881
888
338
37
496
883
554
735
921
126
422
753
744
194
110
34
227
400
33
565
936
224
780
7
622
551
923
829
354
195
611
488
