1314
772
1394
902
553
1501
629
1245
807
1235
326
891
146
1891
756
1547
123
1069
1496
796
347
617
291
915
1667
741
1049
1121
1343
691
1960
71
1712
420
248
306
1759
1315
1754
129
1885
973
1123
308
1586
960
898
1983
498
870
958
1898
314
750
1317
1215
1629
273
1776
1640
1136
1681
1748
748
1723
75
178
1407
360
343
1054
1098
725
1757
500
1447
350
1803
649
513
1571
1182
792
488
1917
644
1050
1785
316
1102
270
859
736
1401
1625
238
1581
1396
1513
1627
47
461
301
1707
1595
296
217
1958
7
567
1169
1663
416
1021
249
798
1433
1552
1859
421
331
1264
1542
1780
1722
485
128
563
1743
133
941
943
934
141
1832
1876
858
125
457
1499
824
628
1537
1772
1307
1905
473
482
1906
1669
97
546
1961
787
1741
783
469
19
1292
1606
1616
463
801
873
675
327
1916
1230
1944
375
1415
245
601
1422
1075
10
1206
977
1589
165
871
1925
767
483
1418
404
935
1827
95
609
1197
1402
522
899
1737
816
1902
1947
503
1350
1949
118
1580
297
1970
1996
530
738
1997
1628
278
91
1472
1497
1816
1155
790
1617
1094
137
288
139
30
886
1204
157
1637
1438
171
981
92
1941
103
1480
862
1223
1622
1934
366
1184
1055
1592
1811
573
1585
174
712
504
1372
545
1989
1731
364
1652
1660
849
1113
1473
1736
1813
1862
631
1157
1252
495
812
1263
865
484
1174
697
349
809
729
1163
1381
978
1129
667
368
641
519
951
1522
1237
1300
479
324
387
242
572
1093
760
896
1448
763
708
444
372
1765
861
716
1847
1782
1247
1467
27
662
119
1533
446
751
390
470
1612
159
77
1481
1371
1508
1287
954
543
1945
1143
1227
901
403
1366
1942
60
968
1294
568
755
1982
1682
15
1400
1165
637
561
458
1450
903
138
994
769
1011
724
480
254
742
547
1404
1620
512
1566
287
576
1284
1820
87
1810
872
399
1469
690
1924
1013
1084
250
197
126
1389
1664
765
1550
1070
565
1304
1593
1853
1861
1451
509
58
1311
1702
1826
619
1575
1015
1271
406
678
1030
570
874
1133
526
259
821
1258
1115
1274
1854
1007
1981
1540
4
286
586
1518
1257
1445
581
49
1380
57
1642
1850
1753
674
1760
585
597
1177
1390
1705
80
549
867
305
108
450
225
1077
1017
1231
427
1986
330
1117
722
630
285
1502
1734
232
246
64
1830
1974
592
203
607
363
1935
917
1365
556
1003
1976
835
1293
1812
1282
379
659
181
1884
1673
437
401
795
1078
1179
1779
501
587
2
820
149
633
507
907
227
1719
1212
1709
423
283
1809
411
1090
754
1168
575
309
143
1387
312
544
720
477
574
923
711
671
853
1488
63
1261
1823
1855
1805
1700
1140
179
229
636
55
391
194
474
1053
613
737
1672
1085
1900
1026
985
1449
1879
1730
1693
734
1082
361
440
670
1281
1783
1112
264
808
887
1752
983
834
1930
626
1959
172
663
33
196
418
1984
99
1147
335
869
1534
341
1649
1548
866
100
494
1576
930
1887
115
1246
875
290
1410
1145
1711
1529
956
823
632
1912
1211
813
339
919
1596
1330
320
1318
1316
355
1226
654
1868
74
1201
1454
1544
879
702
1554
116
188
1299
1254
1980
839
1894
1045
156
1041
431
688
1349
176
1064
205
1943
486
731
282
1985
1417
1572
1272
1886
583
1444
1355
198
1852
775
993
1367
1035
1689
428
1635
231
778
20
1615
1009
1647
24
1794
885
606
673
1012
1207
1911
1324
627
1775
562
1844
38
897
982
540
303
1699
984
111
1908
766
1796
1738
911
211
615
761
1036
144
1889
880
1265
1225
684
1436
584
733
926
1896
624
35
1605
1018
612
345
1218
209
1134
1793
45
1043
515
510
447
703
693
1568
1076
1010
1088
980
580
1253
1535
620
906
378
334
1167
61
1111
193
699
1718
1835
1716
1189
518
646
516
1420
1818
1808
1675
888
1608
1359
810
1577
1839
1046
1523
158
1927
1193
318
367
52
1597
1416
472
1648
1200
112
605
1087
1243
1777
1987
1175
1870
745
1008
1701
1864
992
346
452
1466
12
105
948
560
1181
1685
840
1452
577
1531
122
1745
1172
1051
1312
1310
1144
1527
1910
1423
1491
541
986
430
1291
1998
947
56
1545
436
844
1931
647
971
1348
962
8
1362
791
104
945
1040
1485
163
1875
1769
757
938
806
680
1176
528
1532
269
1
224
219
1563
1619
1624
1006
1856
1932
1988
1139
329
1333
1913
542
1801
1621
276
1476
315
1831
1103
266
41
5
710
773
1744
822
1166
967
408
918
1421
1733
1025
548
804
1679
1551
1137
996
1185
445
1764
62
1788
995
1756
1506
1220
1971
268
88
34
1408
758
1524
854
1298
1918
432
1439
17
1674
1773
1141
54
1950
1609
1443
1510
1477
1468
1328
739
1819
1630
101
1957
69
1644
449
876
109
1302
342
1966
830
846
1074
1188
1364
1867
1286
356
37
114
192
1273
1546
536
682
459
1841
892
53
961
1724
1238
6
1251
202
1815
1954
1929
653
645
302
603
1457
386
997
1062
539
955
770
28
1969
352
1877
529
284
1714
471
1192
405
1435
537
1556
1604
135
1708
400
1424
1210
566
668
1668
1677
608
1373
1626
429
1285
1599
1670
706
1833
453
610
1034
491
1442
831
1836
243
618
771
1459
900
1080
660
1110
740
696
1370
595
1219
1092
424
1431
1002
1495
1170
235
389
970
829
497
383
1781
1353
1161
937
1515
1915
1977
717
1632
598
1159
1509
1678
338
1276
1671
924
371
487
1834
1052
972
216
774
600
1065
160
889
1241
1851
705
142
558
150
336
413
43
1656
1351
257
298
909
1920
1228
836
220
950
1767
1376
199
669
1865
251
380
623
1313
1104
169
591
1278
1061
991
689
825
131
1369
79
1539
1470
1224
789
953
1732
1199
1967
718
1893
1425
1399
147
258
85
1990
1661
1704
1361
1636
67
987
1825
1391
414
362
11
780
1570
1191
1607
1331
692
525
1042
448
1814
1951
272
1762
195
1000
39
1107
1729
1268
1301
893
1283
1872
1651
1083
1658
1456
855
1584
908
559
1838
625
1032
713
1455
681
1921
369
1798
535
1124
1058
785
1680
952
121
988
481
1048
557
1991
1414
1952
1695
882
417
1142
1846
1683
464
564
1116
1004
1735
532
1462
1888
1127
1071
1342
1339
1154
1484
422
1374
814
70
274
1787
959
1721
23
490
863
1308
140
1288
190
764
651
374
262
811
894
1662
1338
84
1631
239
1750
68
788
1066
877
735
1334
826
162
1022
221
90
965
1358
175
700
1784
1244
265
976
864
1691
1446
1295
676
1739
1432
843
714
388
117
1336
1579
1720
582
340
394
465
1321
1948
1650
1148
1881
1392
1541
1190
1464
1519
409
1919
253
1797
1483
134
281
974
514
1118
1183
1564
1047
317
1684
1601
1386
1904
136
1747
164
1419
1790
878
768
402
46
1068
533
1923
642
1028
1600
1710
50
1746
604
1799
927
1427
0
860
1555
1033
1209
110
837
508
32
1962
551
1329
182
1486
1079
252
1623
1975
622
1903
838
599
1413
439
1024
213
634
451
1690
936
797
496
990
1248
1428
492
1740
571
132
1725
154
337
1056
1692
749
304
1800
975
1108
425
200
883
184
721
1657
1713
294
48
1203
13
1106
89
36
1320
1791
1403
1972
313
467
1463
1164
230
704
476
912
210
698
1817
325
1514
170
569
1926
1325
148
78
1255
468
664
1385
1233
1676
841
1666
1858
534
833
82
732
348
1027
1356
376
1498
1453
1646
719
1405
1728
1306
1125
1901
1319
1073
26
1892
462
1618
185
914
1578
1914
832
1195
1289
1383
323
1715
1158
1505
310
1096
639
1770
289
506
803
1260
415
679
1940
1821
1382
1955
1067
1151
1786
1138
370
916
1187
1965
1412
51
635
1863
819
1936
1873
1360
1829
1909
1354
1639
1097
1726
1180
1922
1703
183
233
1130
1907
1696
1588
1848
365
1437
1536
124
1883
1398
1561
848
538
166
1482
1352
1643
695
1122
1202
657
1789
107
263
683
523
1603
1221
1878
650
1119
594
1266
382
1478
1727
589
1860
1474
333
377
293
1880
311
1806
1441
1198
1120
779
1460
214
1857
442
531
466
946
910
694
412
1611
435
1655
1309
1549
550
666
443
1807
890
161
1250
1698
353
1802
687
1323
1346
1178
1992
1126
655
1638
1213
1503
167
130
1792
493
1132
1001
145
1341
1895
395
1845
1153
1434
226
727
255
1654
1899
1504
44
1347
726
1297
520
743
928
1303
665
1471
656
1038
828
1395
1933
1569
456
93
277
1131
180
1842
280
857
1610
1016
1242
256
3
1869
223
1994
1553
240
817
1305
106
1525
913
614
921
759
187
354
1411
1368
1277
1239
454
438
275
1871
1937
1406
1014
1963
1429
1560
1262
478
762
177
989
1494
396
1938
527
385
856
802
1582
800
426
1397
1771
1426
1232
1160
1804
752
1156
25
1487
1072
292
173
904
1562
267
1337
949
1590
1357
22
1217
701
155
827
517
1296
521
1613
1461
1694
1520
1500
1280
747
1236
505
672
1081
658
1378
1249
1267
215
279
1742
1688
358
1057
1229
1146
966
322
969
677
1490
1574
868
1279
236
357
652
222
1749
1363
351
643
640
94
206
1479
1259
152
842
1256
1559
1023
905
1109
1659
1335
1964
151
998
434
260
1999
321
73
14
1100
83
1528
715
1591
1979
847
805
578
98
1290
1430
776
616
1196
201
1774
59
1978
271
102
1101
1063
168
1173
1275
300
707
1583
1633
295
979
1755
1516
1763
1778
1993
1614
1409
1761
1665
895
1458
744
212
1530
16
638
1194
1866
1059
781
397
307
794
593
1641
939
1440
922
1493
475
852
881
933
596
1171
1089
851
1822
1044
1587
1828
1492
31
1795
502
1095
730
299
29
1105
1557
648
407
76
723
1489
555
1240
944
815
113
204
709
929
1697
1598
189
499
228
1214
66
1269
1766
1995
261
1602
1388
554
1840
1824
1687
1019
602
1511
359
925
120
818
590
208
96
1086
920
957
1020
455
241
999
247
81
1543
381
1322
191
1717
1882
42
1029
40
218
1653
1573
686
621
344
1768
1039
127
1837
746
1567
1874
1222
777
234
1345
1939
940
1946
1005
18
1706
685
1890
753
1379
1526
1375
884
9
931
373
1558
1634
963
332
419
1091
410
1128
1521
489
1849
1645
1162
1968
1465
1897
237
1475
588
1031
1149
433
1973
1565
1099
398
1135
207
319
1344
1956
460
1953
1538
1150
611
1216
21
384
1686
1037
850
392
441
782
1340
1152
932
328
1332
86
1393
1114
1060
793
845
1186
784
393
1507
524
786
1928
1758
1594
799
72
1384
1234
65
244
1377
1751
1512
153
511
1517
186
1270
1326
1843
1205
661
1208
964
579
1327
728
552
942
