318,313
129,2
237,139
848,682
470,471
41,613
8,535
997,410
553,291
565,862
70,589
438,105
634,557
760,56
295,533
592,284
37,782
790,690
537,179
455,431
95,542
278,621
747,220
262,395
799,712
244,691
718,920
13,783
435,541
587,3
324,760
696,71
494,511
47,26
652,341
703,342
371,762
342,231
104,188
930,750
186,496
693,830
202,594
987,667
712,313
825,74
489,756
524,86
486,228
805,657
596,655
341,266
24,167
121,354
727,828
278,111
296,5
332,268
588,869
380,670
36,442
10,613
412,526
41,413
625,607
213,667
257,794
482,449
758,341
800,821
547,739
173,762
549,8
41,435
426,27
852,569
291,623
998,455
107,275
748,693
321,31
486,847
221,224
144,345
366,529
364,130
899,46
818,507
720,24
623,496
706,797
487,87
724,189
439,530
273,565
101,532
692,584
348,35
678,260
330,114
394,561
378,298
772,940
521,718
202,462
452,961
785,348
685,250
74,820
687,98
701,755
101,924
99,902
286,430
74,574
736,300
478,698
157,847
262,209
160,204
998,162
647,748
57,696
45,827
843,30
116,112
663,511
380,701
356,515
101,675
450,387
363,504
726,884
132,188
757,789
681,23
146,57
470,494
414,878
126,499
383,428
335,991
421,71
704,552
689,35
25,722
254,14
342,613
553,448
88,948
510,180
498,805
651,266
805,626
662,290
312,927
68,317
427,148
943,642
710,868
268,26
112,825
794,658
345,210
933,115
762,346
308,174
76,663
34,669
565,891
705,974
882,80
202,294
285,917
583,929
18,378
546,5
824,947
961,717
510,921
357,126
121,764
933,710
378,212
839,256
364,983
776,9
762,19
510,59
516,670
708,47
36,80
869,327
128,853
88,180
948,408
470,764
254,20
974,558
699,759
76,79
611,253
571,635
809,321
423,629
949,285
991,448
77,542
25,667
960,60
658,610
249,289
923,111
869,927
242,673
235,993
417,663
441,70
318,436
58,48
169,732
842,402
421,489
917,208
635,949
509,461
145,348
716,603
782,240
16,569
247,369
485,934
279,281
125,145
987,285
535,827
597,990
962,182
213,26
105,637
719,291
457,826
485,401
867,845
619,245
459,54
614,84
349,356
28,478
672,271
815,521
544,193
101,715
280,504
835,33
98,791
597,520
408,340
573,566
928,588
55,252
615,938
642,62
183,294
60,475
923,505
846,756
294,808
200,701
851,765
885,577
433,574
651,695
491,406
573,579
666,135
975,179
274,633
582,84
850,120
588,169
777,331
895,329
968,404
21,77
635,233
165,615
268,520
320,97
800,171
145,810
93,307
127,316
48,933
544,225
96,276
453,241
747,637
741,909
248,44
796,567
725,525
0,348
11,83
909,367
242,166
758,702
499,439
913,894
188,427
902,479
496,19
459,899
437,128
663,358
991,189
987,150
608,424
371,545
775,575
624,125
359,619
165,145
593,93
380,214
309,706
584,865
812,130
486,725
675,575
436,953
452,178
587,913
546,592
908,858
592,121
541,726
962,656
279,655
365,841
47,192
535,143
582,830
947,803
225,62
494,413
104,567
616,296
193,595
326,665
340,761
524,600
860,418
55,116
688,938
882,271
65,907
490,702
661,478
595,755
310,235
817,806
183,800
678,267
964,344
869,612
402,786
993,333
461,838
826,554
808,890
896,295
938,713
248,161
478,551
94,27
201,67
43,103
571,605
125,380
286,287
725,595
883,936
984,726
215,543
630,342
417,417
737,105
240,233
696,488
205,335
662,675
508,589
834,388
855,973
179,918
920,997
323,701
395,707
333,502
837,177
341,485
462,982
854,569
5,201
78,887
332,841
179,481
843,630
805,212
74,755
196,110
877,192
619,148
512,79
700,994
745,621
665,499
711,716
262,910
294,801
45,60
261,59
494,262
985,177
784,693
763,918
843,960
497,156
89,940
852,799
177,71
298,294
828,676
386,111
562,28
671,218
575,294
978,723
793,624
649,907
928,389
899,930
817,104
616,195
964,183
970,844
822,298
3,493
2,62
374,573
645,156
888,577
850,50
26,929
509,729
410,945
45,196
613,130
763,608
250,455
454,508
683,755
332,870
410,700
531,723
669,796
882,418
480,851
470,709
920,236
129,320
198,191
201,897
373,432
644,368
23,795
784,643
466,262
834,205
704,914
276,270
294,898
366,179
416,370
12,373
632,604
730,859
953,893
629,531
314,602
831,739
290,333
244,125
105,590
517,462
189,628
526,759
513,32
976,845
349,741
796,95
132,945
252,836
670,779
700,694
229,167
576,789
524,128
530,675
783,598
448,352
166,662
592,478
611,95
511,307
850,122
68,633
887,84
219,575
339,678
429,431
219,172
521,526
405,59
522,663
235,855
96,983
96,754
79,511
502,683
861,802
520,62
543,182
972,536
977,337
667,913
470,213
402,35
950,180
524,842
424,386
733,26
229,862
21,299
641,136
476,182
55,540
700,579
341,969
337,830
418,958
667,408
849,24
254,969
689,320
598,214
535,413
149,389
279,681
211,504
894,830
489,357
658,188
700,914
139,825
885,717
751,202
397,84
96,315
986,31
452,110
16,243
915,567
520,716
490,759
118,257
963,752
82,44
983,57
179,283
990,994
88,195
824,630
235,862
585,500
363,757
511,465
802,121
428,393
225,14
714,961
39,396
573,72
54,633
383,352
130,404
482,781
729,406
468,335
213,153
381,356
440,213
67,280
71,780
58,543
769,771
687,818
340,147
61,285
554,180
763,360
66,154
817,844
25,968
453,447
784,313
140,425
260,265
671,456
551,934
243,749
580,219
627,795
572,771
578,249
423,763
69,451
119,884
531,76
710,12
122,959
63,439
62,559
58,203
713,821
166,90
927,733
614,253
106,674
875,8
616,286
522,973
484,95
631,982
231,630
626,551
33,295
779,160
115,43
880,753
623,949
111,594
965,563
858,812
593,405
347,43
745,456
969,891
24,758
889,282
904,285
253,769
685,214
495,902
478,245
904,188
776,399
407,123
980,430
781,29
40,531
841,584
192,107
749,646
316,487
434,894
13,919
483,523
35,836
218,46
538,876
125,573
354,312
546,713
320,91
194,958
831,641
940,678
893,468
227,580
859,902
124,406
829,343
296,960
568,506
986,217
982,159
284,659
26,732
484,805
946,862
966,746
581,168
572,620
933,662
792,378
77,31
335,144
377,450
599,348
502,776
804,8
682,28
438,35
322,166
828,485
687,190
608,70
660,900
713,275
105,559
660,566
354,756
767,66
457,532
534,331
474,398
724,934
974,971
127,726
12,849
741,278
905,101
228,580
650,882
17,134
41,468
727,154
222,736
212,655
844,620
158,284
91,528
361,788
121,857
860,162
161,35
331,70
847,636
865,997
610,167
896,252
884,76
626,233
183,924
411,496
173,120
691,784
596,673
566,231
495,992
115,646
833,284
925,191
633,436
570,3
899,792
787,138
406,249
854,726
351,28
879,495
921,306
316,49
268,931
999,802
358,174
588,221
644,846
223,58
609,255
408,679
944,566
244,642
487,871
42,868
176,97
559,482
400,265
758,151
965,85
855,486
593,353
603,57
437,17
638,728
266,812
943,267
156,257
860,194
353,170
60,377
644,118
191,772
169,457
83,26
146,212
756,41
135,157
544,180
23,405
464,42
754,951
867,342
535,546
163,937
330,543
4,911
904,908
182,979
589,842
824,125
299,727
182,881
187,481
438,892
566,804
968,285
976,58
918,307
941,813
672,414
202,638
451,257
757,225
886,864
94,332
111,824
362,905
114,276
768,867
146,886
198,961
226,858
333,409
52,417
75,337
147,97
535,194
870,342
697,317
342,978
302,602
696,330
139,113
853,792
275,914
419,824
824,239
569,996
851,735
368,513
620,776
821,265
971,237
601,292
627,581
926,327
667,947
276,148
47,318
654,885
170,604
928,514
911,860
660,45
818,140
3,68
934,361
817,530
781,500
882,570
67,228
648,131
185,203
891,949
328,729
373,616
488,667
886,575
452,276
481,663
777,327
441,46
696,618
916,790
515,557
755,199
691,115
175,644
589,989
450,576
186,916
105,680
329,377
478,371
966,197
42,607
705,773
56,399
813,737
535,277
648,126
802,633
592,850
112,468
649,778
709,497
862,904
627,70
357,668
822,581
525,791
825,352
380,82
574,7
300,289
247,974
943,631
668,753
23,290
276,724
398,385
472,690
809,910
678,172
590,371
375,192
611,842
548,656
772,70
944,2
212,965
728,175
350,742
371,994
4,524
195,177
795,323
398,763
43,575
780,529
904,339
91,550
81,965
844,634
761,483
270,489
837,877
663,238
715,408
429,42
363,954
921,21
270,299
335,704
215,352
834,379
122,496
983,404
388,101
801,888
861,691
266,687
463,198
607,920
712,59
359,729
103,484
212,504
843,367
819,774
492,150
248,386
454,534
145,604
854,422
875,925
952,362
299,999
222,287
170,202
693,676
143,838
908,701
44,176
213,645
571,238
280,71
31,221
161,425
678,866
823,423
256,750
671,644
478,142
336,851
887,488
471,704
201,698
337,226
885,19
221,995
254,647
419,69
546,95
280,796
387,473
929,507
325,497
687,903
694,566
86,503
437,699
147,585
292,909
879,369
913,137
414,973
799,165
613,316
358,77
667,862
413,613
119,531
326,448
467,377
234,245
449,318
418,183
958,867
992,784
466,320
789,625
210,503
113,33
237,846
38,823
157,513
229,149
448,639
904,886
275,531
546,470
747,655
835,700
57,224
659,140
953,130
294,985
167,240
398,873
311,613
967,114
92,356
567,991
21,198
852,638
452,20
451,492
358,253
314,534
100,325
624,555
789,957
738,581
345,921
266,298
612,916
586,884
63,809
213,184
970,805
614,952
432,687
623,87
834,559
964,119
918,689
664,95
165,985
943,120
373,899
181,964
357,206
528,403
98,479
398,480
450,605
565,235
978,304
382,693
201,231
129,668
614,295
58,320
59,348
405,832
907,810
828,201
581,952
381,307
711,904
333,438
615,702
464,479
478,67
206,367
867,830
919,42
676,912
731,225
26,406
550,820
791,444
602,453
119,112
71,42
978,64
560,365
72,444
593,956
40,373
586,543
487,723
230,797
473,869
965,15
814,883
44,860
403,597
225,38
997,642
984,835
197,688
783,41
342,205
665,739
385,485
12,785
649,31
68,594
171,36
6,955
602,516
912,997
682,838
418,453
643,550
897,512
137,106
798,278
635,624
203,773
781,727
202,272
793,674
774,545
480,40
143,875
97,899
543,699
388,600
501,282
635,360
976,177
7,490
919,82
39,279
133,800
349,628
594,793
576,68
318,289
761,696
997,245
174,238
906,325
773,232
724,341
995,436
762,347
526,668
982,509
91,961
752,470
184,62
124,670
936,162
279,460
693,152
176,914
266,851
907,599
169,401
863,967
554,254
462,938
733,746
213,998
157,90
837,677
840,906
323,430
51,312
793,712
791,654
41,507
469,596
391,67
930,199
688,866
807,119
68,561
347,36
562,736
285,513
851,723
476,835
514,341
594,227
547,54
348,634
528,410
799,16
888,412
772,902
791,801
102,72
835,483
282,808
389,119
501,481
498,232
483,650
380,137
532,5
299,75
24,668
705,537
796,724
474,568
944,820
43,283
28,202
433,255
399,50
353,878
811,442
613,487
546,704
831,436
799,804
533,222
786,863
677,82
953,208
141,156
275,172
217,104
511,697
137,434
466,410
994,234
841,762
861,359
660,534
708,21
48,885
483,891
760,358
417,442
9,445
161,274
970,712
699,21
316,780
672,561
521,278
797,694
207,31
181,963
879,96
14,666
787,263
765,168
406,672
301,271
659,86
725,57
997,827
266,87
888,608
590,66
720,943
733,844
335,687
395,604
32,545
140,580
995,392
641,38
586,877
417,360
909,984
641,839
774,525
393,874
800,895
939,451
177,393
258,227
731,310
561,851
492,768
447,515
357,704
471,713
200,22
578,680
216,782
56,618
254,515
523,974
783,504
538,364
250,162
708,220
689,24
474,805
835,317
181,574
930,751
671,118
327,343
926,613
620,11
872,266
72,976
313,173
927,137
246,769
621,279
979,191
521,904
871,963
173,228
564,327
490,503
57,126
300,251
391,297
66,571
113,208
237,195
730,201
717,529
465,882
565,734
56,683
580,418
862,424
381,104
379,718
606,65
380,287
103,379
970,150
448,242
602,985
115,783
665,951
725,206
863,689
340,341
600,102
148,542
161,181
347,660
990,545
838,556
886,518
364,284
749,358
464,460
63,917
966,140
432,127
745,859
946,269
997,20
239,694
863,639
827,188
283,188
548,696
859,796
114,717
156,233
385,598
784,544
128,472
526,180
580,518
789,63
388,399
536,367
329,39
109,119
964,565
362,678
868,145
301,127
259,418
597,743
317,45
571,660
23,170
346,215
259,880
844,995
97,616
184,282
442,300
354,735
738,64
875,906
157,740
277,876
836,665
765,501
1,111
674,636
301,636
480,195
808,960
59,340
273,110
851,707
348,173
846,571
243,789
893,596
73,595
266,630
769,764
386,143
486,446
573,410
977,689
377,687
269,935
220,807
885,167
798,320
557,137
634,727
270,757
443,723
259,220
753,281
22,472
399,772
187,104
530,743
534,925
859,555
292,531
810,314
87,641
184,615
884,298
464,21
574,676
63,140
436,55
498,511
223,360
370,91
197,100
187,360
325,686
536,177
749,198
790,677
472,689
880,515
676,803
113,481
370,480
67,505
597,623
657,265
505,276
691,813
78,62
555,630
528,494
982,956
726,711
345,518
59,555
607,418
53,484
312,289
485,389
439,751
949,712
962,226
484,676
392,474
607,982
933,771
314,523
666,121
22,644
670,979
666,846
192,884
87,796
259,95
133,561
67,872
791,240
296,380
649,877
257,44
32,573
15,83
493,940
681,756
39,793
174,423
471,308
39,693
759,924
911,826
336,582
962,917
291,306
255,9
855,705
426,224
670,523
49,853
64,488
644,130
664,561
920,940
744,350
798,932
762,897
53,200
238,429
321,208
83,887
139,430
739,70
461,942
739,52
666,206
378,686
57,593
854,340
635,740
282,692
951,743
134,115
319,987
417,393
475,994
617,434
222,176
74,290
902,114
481,727
326,973
435,451
361,657
775,953
462,635
634,921
455,59
94,439
629,555
738,326
53,617
199,803
124,352
873,401
773,202
939,454
717,989
711,920
125,594
775,351
785,48
74,842
172,723
643,238
456,404
784,434
311,79
744,572
965,963
996,946
447,840
199,634
550,69
79,604
935,598
989,250
643,8
670,451
459,728
298,15
183,745
634,148
487,529
617,478
288,942
937,134
829,429
393,630
97,697
792,902
971,300
842,953
507,187
290,852
140,69
334,387
106,114
281,331
292,559
795,698
79,355
222,456
361,757
374,447
497,997
51,582
643,357
313,971
382,839
538,33
276,455
792,90
547,769
917,619
925,464
31,707
841,284
280,619
313,790
400,31
856,605
420,660
906,107
698,430
102,984
212,114
395,683
718,297
443,612
965,523
942,556
476,691
480,552
710,631
415,368
771,819
141,248
455,224
561,194
950,286
817,783
297,163
304,46
212,616
158,335
158,453
311,351
549,759
461,720
86,72
702,731
672,201
269,703
608,884
764,401
307,669
439,187
581,993
58,861
837,573
809,995
116,626
583,971
822,846
574,165
82,212
369,610
91,671
676,221
837,147
706,188
140,542
232,799
585,459
374,419
38,989
283,144
750,757
100,731
554,713
924,668
681,802
191,666
741,603
335,575
974,724
987,676
961,646
902,964
181,409
848,556
583,170
137,375
604,179
744,303
189,131
688,546
514,826
751,462
203,87
476,494
468,629
658,208
231,883
608,733
663,762
230,611
483,491
970,923
265,122
195,403
251,227
316,429
979,901
267,884
797,467
610,639
913,845
935,981
61,204
38,198
520,117
164,554
5,666
415,725
992,571
990,644
744,183
193,624
457,529
94,47
893,278
400,593
601,306
44,95
58,420
100,561
847,452
488,729
211,401
16,454
131,793
432,924
230,454
161,99
654,893
138,221
64,941
626,429
151,21
289,231
972,51
212,288
30,183
740,466
503,672
127,239
55,621
723,291
722,102
544,597
785,579
907,699
708,168
463,399
908,434
517,607
259,66
554,398
37,357
354,615
333,713
613,412
138,32
542,51
580,797
944,902
953,835
982,422
133,382
858,329
36,483
321,146
785,245
64,671
648,532
771,877
230,858
119,967
181,263
722,975
79,937
807,995
412,431
347,461
312,679
394,186
649,196
153,654
251,619
745,370
70,167
292,262
453,32
914,11
74,511
228,729
152,99
565,530
700,895
55,74
140,848
829,679
432,438
931,788
680,536
865,366
231,20
118,34
64,962
307,275
939,409
293,956
50,494
849,805
529,886
555,991
806,651
463,935
126,993
999,41
592,883
89,374
728,434
431,33
961,10
538,49
634,550
496,49
312,347
100,834
738,377
538,931
375,653
824,736
764,341
232,442
577,398
842,937
418,982
871,378
302,196
273,780
830,769
763,554
884,816
37,7
757,951
348,734
946,812
719,524
208,577
391,796
252,546
460,172
792,344
736,167
689,934
804,844
618,372
166,594
283,500
305,128
20,365
998,43
245,936
504,280
74,537
953,611
15,187
301,267
965,832
140,700
398,601
554,873
46,709
657,460
890,794
151,269
894,25
99,792
229,851
170,463
42,206
480,298
553,638
227,932
194,648
700,51
175,765
198,388
244,967
8,704
599,924
530,390
365,42
475,283
787,790
300,663
157,415
925,509
776,195
575,334
55,674
516,924
773,653
528,681
24,573
762,980
107,971
830,122
335,875
218,491
983,764
95,83
327,817
973,81
409,32
848,492
358,560
592,131
279,779
726,397
437,480
967,315
6,455
716,400
153,115
144,536
900,395
241,150
17,657
573,922
192,299
374,647
279,557
775,610
325,294
381,835
956,430
879,912
305,432
944,498
152,212
141,353
86,635
696,657
638,970
928,487
587,750
16,482
491,848
405,912
777,409
402,697
882,543
279,804
401,843
571,897
621,523
671,455
358,876
388,173
379,5
326,209
256,810
393,285
961,893
839,649
119,1
227,492
2,379
991,470
894,974
838,867
619,209
910,218
319,82
608,167
604,101
194,290
563,342
156,430
220,599
950,307
889,145
239,354
25,984
213,113
25,301
659,203
568,962
270,258
191,452
836,56
410,374
761,530
740,91
342,156
257,662
546,697
514,491
713,148
700,452
446,940
878,31
935,677
318,116
345,363
909,864
539,395
611,834
568,479
870,967
537,507
709,522
112,887
997,694
945,867
790,970
634,589
612,894
280,916
714,493
887,903
141,73
21,358
180,513
311,282
736,501
971,712
708,650
313,692
401,846
412,795
532,187
283,815
115,55
622,834
888,924
90,693
37,310
233,943
146,338
749,390
625,333
667,696
979,270
798,582
22,584
295,502
394,816
729,592
324,94
502,451
262,530
350,719
866,77
292,799
369,630
397,420
677,492
532,231
328,123
744,844
406,759
205,589
79,912
45,891
666,807
104,792
835,656
986,371
827,581
821,558
349,639
458,879
993,409
819,61
829,993
98,85
269,357
596,816
866,814
644,274
286,182
168,65
450,881
168,690
237,869
388,998
978,236
102,923
524,985
180,595
489,644
23,273
58,242
126,606
545,129
456,409
493,213
378,377
503,879
745,530
447,528
855,717
391,133
466,772
546,230
958,914
41,963
241,826
588,409
872,53
241,661
282,52
979,650
189,258
344,626
885,27
329,588
553,572
421,217
879,610
475,698
900,38
136,961
639,833
568,114
17,46
376,279
855,476
331,576
228,667
508,915
173,249
78,91
448,547
150,499
734,920
735,893
79,844
384,494
153,71
573,614
403,365
149,34
585,865
595,684
428,72
586,766
233,25
615,350
500,770
579,819
322,841
842,673
824,145
222,236
528,688
975,266
320,573
161,96
534,319
154,30
554,890
893,374
825,287
425,562
750,11
524,36
29,599
564,856
526,392
914,433
830,188
776,620
995,2
768,708
248,943
822,300
673,55
455,440
996,279
358,561
618,55
542,926
85,488
545,558
27,781
510,305
561,423
886,781
488,146
420,895
164,64
150,670
719,372
75,839
543,325
235,992
425,5
639,230
305,687
830,229
429,113
56,331
168,20
1,511
39,755
293,564
411,994
147,662
229,696
93,982
315,893
17,119
505,875
230,147
531,522
308,996
223,607
425,27
571,558
255,426
591,956
217,2
341,3
639,711
746,926
133,273
268,812
488,423
23,928
709,983
828,521
456,441
325,806
478,972
353,509
366,576
727,112
337,951
652,685
119,727
140,878
39,883
791,254
886,823
552,647
477,134
897,574
746,957
758,198
980,123
458,792
404,365
123,352
781,542
319,467
74,812
547,72
14,735
615,391
264,925
840,764
306,9
364,84
307,179
675,109
871,943
139,948
676,953
430,768
215,786
808,409
951,58
927,409
560,621
431,940
687,76
37,198
171,70
553,954
877,861
96,256
115,167
709,717
533,474
545,328
280,701
541,100
337,771
705,590
476,687
544,983
967,541
867,146
174,493
187,842
237,38
432,628
296,462
401,987
196,460
950,499
173,660
416,112
402,990
236,484
739,325
213,225
902,765
529,14
888,123
666,365
994,925
924,515
515,699
939,669
384,561
535,785
548,41
825,109
20,156
380,985
94,242
104,18
15,390
900,602
904,734
371,399
91,664
722,265
60,260
567,174
796,953
158,928
594,267
16,334
279,275
157,746
756,160
662,521
369,189
288,308
767,375
190,961
750,236
337,498
118,30
79,510
862,189
939,877
762,68
371,213
845,326
828,641
212,951
545,897
975,756
304,18
818,562
211,975
439,797
5,634
275,401
981,328
556,711
326,826
312,873
544,973
415,214
933,745
51,651
486,846
996,935
196,14
788,86
280,857
245,927
239,267
54,450
679,460
982,673
702,800
159,673
388,208
711,867
477,583
950,423
340,108
377,591
17,154
408,134
667,589
984,964
925,821
518,688
839,548
370,654
967,655
251,849
52,71
532,574
720,68
232,322
756,800
826,894
508,8
434,686
306,734
821,678
390,130
761,32
387,939
538,725
157,763
175,723
845,27
960,4
848,812
620,157
534,205
991,390
425,813
148,138
772,808
629,351
114,733
743,971
439,465
174,9
296,97
237,936
75,209
51,412
341,69
713,635
473,873
566,281
346,940
83,62
117,415
749,718
627,969
681,185
874,177
284,583
93,518
490,865
371,209
280,432
381,953
115,236
994,736
826,234
767,345
87,723
42,719
892,109
529,767
574,530
994,578
905,14
462,88
774,621
530,156
686,204
98,738
107,512
595,503
120,843
123,740
675,149
67,714
818,816
51,196
371,755
147,593
749,860
117,419
512,306
815,145
598,336
15,67
205,799
141,30
22,755
372,444
669,518
182,89
187,298
322,458
813,589
105,809
295,858
658,167
799,725
51,664
386,535
163,17
186,52
324,959
890,671
184,462
888,185
928,778
864,492
535,17
109,351
488,672
997,214
867,614
907,750
38,206
515,720
521,281
113,817
650,619
508,73
883,674
135,559
228,671
86,814
760,536
599,370
338,944
455,589
123,610
521,63
335,33
351,108
777,585
792,776
566,62
914,272
747,312
406,863
655,851
655,298
369,392
945,508
317,387
464,702
129,390
252,954
502,403
586,791
192,156
381,944
264,808
791,527
14,157
879,305
156,326
420,817
931,392
262,678
984,97
470,187
730,841
433,378
207,952
647,705
483,790
443,320
371,341
168,28
43,595
981,691
585,609
559,963
673,175
335,84
323,557
728,21
643,180
797,443
358,350
263,39
87,775
752,361
637,537
641,114
744,36
888,693
849,472
935,517
998,290
403,899
765,358
575,279
630,304
383,22
797,757
485,0
941,783
918,406
736,878
600,628
390,856
212,407
93,795
22,306
684,307
854,831
591,68
181,768
271,905
739,186
589,830
298,240
403,521
617,582
923,774
127,411
544,146
720,424
750,419
340,706
810,584
142,755
312,359
886,473
225,537
697,338
728,585
560,51
741,803
560,575
618,68
921,791
875,962
414,395
866,309
908,141
452,413
413,974
633,692
117,245
954,47
525,651
974,712
960,310
929,854
630,177
220,742
517,261
983,86
117,574
589,517
498,894
520,838
202,886
988,433
842,743
532,124
779,528
326,739
669,172
785,695
976,399
854,208
716,238
761,22
116,585
762,306
961,856
491,537
310,29
396,685
518,830
627,731
473,121
630,417
508,86
82,933
128,78
577,827
7,728
675,721
778,273
830,201
281,638
726,441
990,996
329,324
612,440
456,469
84,561
577,427
4,696
740,380
252,736
244,94
612,625
884,508
853,989
884,335
47,81
634,707
294,877
165,774
437,884
679,734
401,810
432,709
74,118
821,333
322,111
777,850
175,583
669,106
863,987
16,37
722,68
167,84
492,881
332,421
989,28
330,372
520,324
35,699
701,195
409,979
954,887
371,309
655,45
823,797
801,693
7,164
597,794
81,109
531,204
912,83
48,954
620,484
933,711
517,137
595,341
669,312
902,169
330,673
664,897
521,646
189,820
457,95
39,378
907,27
669,635
347,585
920,506
627,286
819,748
170,262
194,806
70,551
362,886
955,453
492,938
758,689
158,612
521,322
256,59
123,579
857,372
326,187
500,349
554,24
383,292
372,631
811,184
62,593
130,500
978,487
392,189
467,372
301,442
846,248
570,503
301,178
723,710
594,63
795,793
93,760
534,877
801,339
537,158
398,982
174,648
258,258
725,754
639,35
726,974
685,224
186,568
364,235
722,693
322,405
532,116
408,350
987,242
788,625
203,928
628,605
108,998
43,417
338,248
570,725
875,799
96,425
359,488
939,22
262,155
878,697
263,651
161,372
158,560
985,193
41,925
546,463
993,784
769,240
999,826
102,787
790,80
380,159
700,665
248,567
642,741
32,753
815,182
546,703
726,995
544,654
328,928
472,984
105,887
841,254
205,511
315,882
613,564
171,930
160,300
163,930
888,837
120,708
304,844
24,517
677,687
558,494
229,785
48,48
947,890
556,208
466,712
276,252
211,171
902,193
388,347
779,723
691,581
542,779
227,659
505,510
862,275
188,406
541,230
522,684
9,470
997,366
233,155
822,974
665,473
126,977
750,365
267,53
822,200
708,689
706,151
545,652
111,617
699,801
479,956
379,73
284,163
158,651
381,192
491,514
499,684
250,182
128,538
493,642
620,903
559,106
838,522
775,873
139,666
262,625
808,308
393,156
255,767
717,537
341,55
793,836
176,930
57,601
764,568
522,2
120,365
600,87
509,943
989,851
97,886
336,760
430,346
855,957
731,325
840,732
93,948
852,537
266,340
444,605
156,470
883,143
192,291
830,313
335,256
177,450
102,893
363,497
129,930
192,817
774,117
588,616
549,787
13,21
617,455
298,587
743,805
92,216
890,38
148,747
293,712
933,112
812,471
451,553
569,118
411,457
719,317
66,974
227,548
82,441
764,264
611,226
870,728
230,876
483,942
253,283
233,501
97,428
711,969
279,429
689,585
457,104
652,440
851,307
503,445
651,480
183,48
241,245
274,811
881,223
633,88
929,185
937,593
864,366
882,995
861,600
896,189
263,881
411,331
397,39
594,776
918,89
433,660
282,182
730,299
220,597
411,752
897,203
744,892
526,842
333,177
27,912
861,886
805,584
204,909
230,354
343,905
20,104
185,78
326,730
518,52
25,721
60,714
980,914
383,722
413,902
227,13
991,572
897,332
412,585
773,393
248,336
82,981
604,539
462,447
268,240
428,706
767,298
453,618
757,663
650,170
941,262
240,965
314,796
754,765
598,457
265,286
675,682
833,857
863,99
182,179
420,455
435,791
676,497
675,261
946,941
33,918
332,971
0,516
424,597
115,428
326,924
472,590
86,211
204,158
111,85
63,12
878,425
848,554
271,158
814,467
927,634
670,420
210,956
808,39
11,247
466,747
30,719
823,646
241,12
619,691
34,553
225,798
256,921
276,729
214,865
816,570
572,17
484,188
776,608
983,903
874,443
890,33
616,389
692,517
398,903
195,252
812,178
186,908
213,50
3,702
634,690
147,247
901,286
341,752
149,835
197,804
508,394
949,542
273,426
898,951
888,953
775,907
788,658
165,761
872,641
555,930
903,388
149,555
298,278
359,238
813,431
147,826
631,38
172,800
756,844
110,431
832,371
602,483
94,845
98,301
110,952
255,527
701,108
209,196
690,651
758,570
563,687
769,866
312,814
764,952
44,330
343,508
582,346
311,91
909,430
355,540
122,652
718,329
853,544
706,963
359,170
256,576
812,633
807,783
833,182
24,377
159,465
515,16
136,298
663,159
721,204
397,463
935,972
388,579
395,935
123,270
187,605
601,11
284,588
542,372
637,746
653,200
204,814
441,703
772,198
440,297
913,421
124,252
860,996
159,473
448,382
685,606
11,710
480,111
755,211
94,801
924,975
924,132
695,497
651,583
157,160
990,871
841,539
226,555
847,548
552,64
598,156
414,987
251,373
534,827
68,417
248,271
378,144
301,177
312,37
272,750
499,850
430,658
928,725
913,389
14,431
447,513
606,87
574,297
383,800
426,74
62,808
608,536
712,197
805,156
993,375
364,25
978,653
329,480
622,457
857,520
665,897
433,877
466,952
637,753
198,522
286,312
365,225
901,784
369,832
645,753
182,345
355,648
187,690
386,74
739,713
121,713
913,835
525,850
466,564
215,749
48,977
82,516
250,649
797,346
645,587
883,152
659,424
404,620
517,817
23,796
688,980
724,698
228,510
84,174
662,90
380,463
860,140
555,717
370,498
831,988
539,299
980,598
398,865
787,137
431,244
339,249
83,605
683,193
537,101
884,669
534,98
280,588
361,989
411,486
866,152
139,63
800,164
399,656
30,460
479,319
588,433
367,396
627,222
127,657
373,629
9,332
562,293
452,557
139,400
664,340
763,660
802,809
553,566
368,90
665,468
432,938
508,95
385,732
171,239
67,166
792,469
739,197
543,786
318,753
244,327
410,930
72,987
27,559
894,720
453,411
14,659
861,816
653,345
842,520
400,950
401,87
540,600
806,32
943,0
94,166
443,389
946,578
598,826
683,634
466,315
403,619
14,965
874,519
632,875
900,932
591,974
489,774
654,232
318,53
755,346
826,345
939,403
399,826
967,968
378,112
725,55
456,760
663,608
899,666
324,511
2,842
182,767
245,780
80,594
847,633
98,497
125,479
945,537
153,262
688,664
886,254
149,426
599,481
510,137
598,875
346,580
419,201
535,145
694,235
866,621
860,619
884,142
931,620
86,133
184,165
597,342
326,956
975,952
755,618
992,447
446,877
210,389
410,522
222,339
801,40
539,140
182,93
765,777
930,756
304,678
197,466
621,896
266,947
66,582
769,86
16,654
167,675
513,480
512,824
923,400
193,103
328,316
568,212
735,937
205,879
918,361
239,392
99,505
986,914
765,144
732,15
807,507
109,681
42,437
355,970
2,552
24,646
660,420
11,610
399,233
631,267
83,221
404,42
984,351
256,561
426,466
423,676
982,355
321,995
101,403
214,486
155,777
891,246
284,61
26,553
177,721
549,143
479,227
979,574
941,979
562,270
295,366
205,728
761,818
653,680
690,680
479,302
684,316
289,727
411,47
239,532
568,310
65,780
30,298
262,783
364,930
666,558
931,705
409,55
875,544
359,802
855,241
909,841
598,484
454,563
991,9
148,398
738,420
333,93
977,981
106,168
822,600
258,280
389,793
199,493
771,926
477,548
312,192
262,875
451,51
172,813
61,935
435,703
625,313
134,317
33,695
791,219
855,858
779,127
375,558
356,354
801,987
607,131
899,417
561,232
912,869
186,747
909,269
669,731
222,199
688,945
492,695
689,414
656,989
572,189
444,280
21,668
547,664
857,92
734,10
508,85
720,395
159,312
698,327
560,412
186,702
768,111
591,335
388,923
790,150
976,247
240,710
524,368
388,907
97,259
16,733
46,16
967,2
743,635
112,582
269,40
633,291
582,654
285,5
457,798
551,443
266,989
987,602
767,668
936,468
81,813
930,573
610,406
587,636
288,471
502,317
314,295
304,440
585,309
349,962
71,228
735,513
103,874
933,74
170,620
919,410
652,363
963,406
646,481
19,805
179,925
634,18
787,850
651,181
988,89
720,600
677,395
634,534
80,797
469,438
272,852
911,837
523,928
592,338
535,811
284,35
23,240
557,570
297,593
977,452
655,336
357,182
2,557
803,162
157,230
109,910
966,334
603,340
886,414
737,768
368,838
933,543
608,862
118,51
632,273
835,838
703,91
150,791
159,901
310,257
534,481
928,327
730,745
302,578
68,647
878,246
20,49
861,289
110,401
819,24
162,526
149,965
259,56
219,502
861,915
798,983
461,515
235,912
895,58
955,88
885,741
23,136
920,633
520,178
212,151
916,614
290,163
94,545
743,978
495,32
580,493
684,453
735,7
980,28
411,480
982,16
127,38
830,961
997,669
172,631
622,188
598,259
397,314
778,404
714,886
597,556
623,980
239,980
14,380
296,718
328,898
774,24
868,296
365,692
768,501
130,195
474,266
430,580
42,598
581,669
4,622
761,524
408,757
816,463
532,277
623,735
382,546
969,359
943,430
11,921
400,434
352,639
712,384
353,812
198,630
763,968
103,85
960,924
776,169
355,986
766,668
489,478
45,18
737,160
307,668
333,971
956,82
589,369
913,684
1,261
245,217
669,396
549,652
1,701
894,628
57,380
828,3
781,777
972,49
589,588
659,761
294,770
301,68
867,52
919,835
119,966
252,596
470,848
129,689
119,923
101,264
720,653
483,331
924,330
425,677
307,134
295,88
373,322
866,958
690,465
878,981
192,847
989,271
216,642
231,484
157,143
31,610
769,920
640,502
800,435
32,195
940,997
867,601
219,524
252,624
420,471
414,361
629,489
869,691
561,979
995,921
144,50
731,762
330,662
892,737
141,274
207,991
564,985
37,130
970,707
819,402
839,993
998,552
401,260
652,796
646,601
408,450
241,985
37,541
520,719
607,152
980,114
987,191
217,349
893,792
760,659
761,430
387,642
262,716
374,517
770,776
802,96
245,104
641,175
965,726
637,230
872,470
737,618
852,29
220,602
190,244
609,120
821,893
944,781
676,975
992,505
733,590
911,867
238,920
82,267
507,599
304,648
692,172
738,937
755,43
190,324
152,901
246,654
290,282
174,613
847,255
248,334
472,885
674,291
84,601
586,428
857,796
134,520
625,195
235,218
894,320
252,552
959,881
631,767
666,820
187,297
473,748
896,528
610,271
737,996
456,51
968,919
405,202
956,736
291,788
800,509
289,968
859,612
162,262
895,681
299,891
622,961
439,731
888,555
8,639
906,763
111,170
568,462
822,714
967,66
48,579
921,150
691,475
471,897
834,661
539,977
81,20
870,55
507,689
290,752
784,742
466,452
287,439
750,935
591,769
15,456
453,650
688,424
11,718
982,800
84,227
133,157
372,353
714,140
252,241
439,833
221,113
779,812
261,513
713,190
902,571
619,630
45,758
721,307
642,249
551,205
279,941
40,927
288,625
134,490
384,631
581,676
231,633
55,371
238,326
593,697
345,195
506,913
791,498
366,955
463,228
787,801
232,110
26,809
662,768
692,679
250,954
640,559
542,762
962,982
598,328
541,946
650,577
823,369
419,218
208,598
802,299
331,236
461,996
115,343
841,153
399,719
846,932
335,673
542,420
211,680
897,726
497,231
830,742
897,684
458,69
77,773
998,80
31,114
897,158
69,493
948,514
327,822
221,661
438,44
662,687
821,130
870,160
338,297
311,705
682,551
571,555
421,574
600,428
707,377
136,203
819,224
63,216
830,680
667,148
774,880
599,473
463,632
667,673
641,584
229,454
755,13
327,300
340,373
376,351
326,509
179,398
752,350
128,396
496,326
223,329
207,459
14,855
120,640
443,809
774,231
287,22
931,673
864,100
256,228
547,757
780,144
203,298
473,48
435,810
984,621
285,884
472,194
571,387
557,197
302,711
210,77
323,737
580,114
561,794
608,427
236,896
317,310
682,93
628,600
206,203
913,676
319,393
980,353
220,192
856,163
654,913
145,730
901,880
526,184
230,856
142,325
338,483
228,43
544,553
972,520
60,572
246,765
162,737
492,847
172,152
667,168
870,702
428,293
36,797
6,957
164,41
945,548
517,366
452,789
275,200
590,353
259,438
183,802
860,753
324,867
348,955
390,551
13,640
641,377
569,946
989,792
737,457
610,661
645,381
794,569
608,850
862,152
447,814
120,20
50,175
975,587
70,466
538,435
869,953
74,912
558,772
580,679
132,461
940,417
574,144
656,934
704,855
472,570
667,167
908,795
859,706
440,481
608,870
322,478
649,974
917,760
461,726
143,474
968,297
426,970
133,247
992,340
35,239
363,420
985,25
581,84
955,38
577,543
291,966
465,216
770,271
804,114
186,34
410,53
933,849
378,603
207,726
657,929
943,228
679,769
542,985
268,600
35,63
498,926
673,385
35,517
34,194
634,268
436,868
448,848
593,823
49,931
423,868
762,365
687,739
636,214
238,754
750,933
570,518
386,860
738,995
674,604
328,7
196,607
944,807
354,866
147,814
384,817
701,819
184,156
265,302
778,402
206,827
491,181
953,512
122,267
417,951
172,357
543,441
248,568
857,868
169,56
392,255
275,839
244,477
868,507
824,961
327,528
645,21
390,121
472,49
577,115
431,464
323,964
119,487
960,175
238,426
846,706
16,119
860,557
565,542
35,829
824,598
317,464
122,242
138,6
940,25
18,999
778,767
927,277
936,436
123,758
823,112
597,826
654,951
100,132
726,686
732,636
870,370
884,68
355,211
521,560
472,400
212,200
567,674
959,213
728,256
107,849
320,788
522,83
617,785
334,281
446,518
36,393
780,345
541,887
754,221
769,370
529,831
361,426
517,185
913,13
722,832
605,976
801,500
980,996
119,253
755,889
787,532
379,226
633,35
623,455
781,533
394,789
507,801
497,916
925,593
543,865
710,648
429,681
275,537
508,307
608,375
57,633
494,40
908,360
149,656
737,862
987,615
999,584
772,425
622,773
154,311
75,355
867,976
837,682
390,101
635,207
283,707
112,568
467,497
733,584
275,17
598,206
662,702
322,184
258,683
738,47
552,938
730,916
678,186
188,108
654,382
346,59
224,767
535,446
519,794
207,138
662,467
813,268
768,133
123,373
700,685
537,600
460,864
90,285
605,903
556,177
649,939
416,165
601,419
885,590
635,104
454,87
913,351
912,328
3,408
970,925
587,120
264,739
21,781
66,188
977,676
717,652
348,18
142,36
157,690
994,32
107,782
102,380
927,668
836,719
896,72
427,289
657,286
339,154
846,195
202,992
421,517
104,296
701,459
996,872
517,406
97,108
512,380
106,515
740,928
419,920
399,761
723,271
358,994
918,119
220,413
488,760
301,160
779,632
194,959
70,570
713,9
334,738
925,69
897,73
179,96
156,409
257,805
145,931
951,209
953,677
949,528
909,949
450,573
557,808
50,587
630,587
848,475
52,931
747,42
189,605
56,706
295,709
322,386
580,784
257,307
649,675
77,475
898,475
501,417
521,49
653,275
999,362
108,898
380,260
8,508
189,700
269,336
248,830
5,795
981,389
28,514
224,596
813,70
895,947
675,983
549,850
776,989
398,904
342,797
612,713
127,785
768,286
749,187
660,111
138,666
806,164
479,680
104,623
780,999
349,858
647,136
766,177
526,149
201,987
965,946
572,491
330,293
830,145
20,366
102,258
580,342
484,706
521,185
902,507
379,2
53,171
72,863
919,917
876,270
958,226
647,124
593,213
429,519
342,128
321,758
950,295
448,238
375,929
406,171
36,486
453,359
474,457
126,257
567,577
20,498
766,305
957,221
728,817
754,783
422,646
917,592
808,487
407,946
483,75
154,773
352,731
990,292
91,130
796,226
247,33
507,681
883,22
41,282
108,826
832,724
516,868
791,67
761,93
893,318
412,570
318,165
630,705
802,599
855,950
886,547
655,330
762,989
444,971
367,615
885,153
972,398
706,510
715,217
453,445
192,179
456,104
313,557
108,476
309,112
537,872
314,578
883,122
806,485
420,430
923,183
987,96
352,568
680,352
689,790
342,823
998,611
116,617
153,602
111,462
941,995
935,266
817,420
969,435
364,972
904,278
389,831
411,747
91,65
497,794
721,338
771,325
548,872
312,71
337,945
28,878
362,587
808,284
743,33
192,669
346,788
202,794
835,438
875,45
998,6
707,410
76,5
235,953
194,141
708,67
672,935
416,170
1,16
504,277
75,871
459,232
679,560
858,183
942,175
477,299
427,445
579,750
933,1
60,444
407,588
88,934
824,717
466,412
822,942
31,925
170,304
512,552
948,334
296,919
178,266
38,705
113,232
367,975
957,22
139,944
555,960
33,704
279,679
879,890
149,122
893,779
59,149
626,478
739,202
541,668
324,6
714,664
470,27
873,904
16,63
191,588
845,240
345,690
710,335
201,578
427,665
424,38
129,325
951,450
715,388
288,766
627,230
721,743
263,599
461,95
844,685
418,909
120,50
292,445
601,816
553,30
921,565
678,53
799,195
15,772
760,373
47,702
434,890
671,147
284,112
703,99
245,157
65,728
896,583
133,489
987,159
577,347
659,389
767,801
751,958
841,335
4,104
948,772
745,550
804,979
142,921
769,260
85,707
502,874
538,442
154,700
329,113
522,86
287,917
302,584
292,935
997,68
130,968
973,116
362,282
420,612
270,685
447,707
39,45
785,748
469,345
161,524
924,145
271,922
753,290
391,854
539,315
535,160
618,602
480,115
697,315
585,120
967,202
537,585
758,263
390,376
756,987
216,608
222,117
756,539
153,205
365,512
708,15
955,67
892,199
109,558
561,632
907,418
81,41
707,64
716,815
488,10
612,819
783,657
180,470
358,781
582,597
552,905
664,789
685,279
764,772
855,532
234,403
946,124
984,851
155,616
183,471
236,431
570,23
637,808
941,15
822,319
479,784
702,19
973,114
635,292
942,15
632,969
664,310
294,103
942,353
626,499
572,868
957,744
927,451
383,70
64,152
455,64
109,5
710,106
660,529
840,814
940,580
916,641
465,460
395,532
236,225
558,882
525,910
378,626
675,806
278,541
90,644
309,675
106,969
781,601
827,961
811,394
848,467
437,214
962,729
772,73
360,716
687,256
344,62
174,70
149,11
151,905
857,694
325,567
824,123
872,335
218,327
364,927
175,519
186,834
272,811
685,610
338,231
197,815
186,746
687,814
680,596
347,270
552,565
488,821
576,477
834,434
131,428
710,971
849,984
380,522
188,364
571,760
420,301
640,165
351,397
505,527
42,491
463,849
65,429
832,627
502,747
339,704
531,355
894,408
50,347
201,625
75,596
83,980
474,980
914,529
860,276
522,356
711,838
893,483
866,288
319,904
596,880
898,675
431,605
293,42
50,521
277,73
677,397
526,124
761,662
235,296
798,55
121,57
776,50
825,121
193,917
190,921
313,18
331,973
942,954
81,852
684,142
503,153
981,317
483,722
464,998
750,665
479,871
275,546
757,218
792,842
118,82
362,733
926,96
140,416
379,77
143,918
885,803
271,350
914,275
92,334
629,209
990,561
432,956
915,622
772,810
977,359
612,697
285,723
360,256
46,774
48,68
962,708
770,821
943,337
962,3
769,854
392,325
771,634
672,124
680,813
462,309
537,887
599,419
187,215
569,662
876,290
529,996
69,324
840,467
355,325
472,978
976,46
164,847
301,35
327,242
877,946
53,637
308,81
709,240
522,635
623,145
195,113
326,384
622,101
798,135
776,975
747,706
406,427
30,808
186,827
681,954
269,897
870,925
476,140
90,868
259,126
307,264
497,49
513,36
137,985
240,490
654,804
542,628
733,919
29,802
487,491
610,82
41,136
666,876
83,975
511,242
93,357
298,616
251,685
395,636
317,507
386,251
529,771
928,870
19,427
703,570
123,957
411,837
595,125
849,793
644,102
469,852
416,397
883,453
899,244
980,426
851,629
592,261
724,231
811,98
564,410
845,604
328,167
623,471
228,82
227,230
950,214
32,888
692,887
451,684
316,222
645,561
312,584
962,694
64,518
415,637
911,590
996,474
985,621
136,460
30,124
56,633
88,609
539,211
348,784
744,722
446,799
320,639
0,303
999,582
160,651
495,11
439,977
586,671
37,226
542,313
112,720
437,503
676,252
736,451
404,400
670,532
897,661
132,915
438,912
597,182
791,980
544,256
92,836
1,427
402,457
352,592
366,968
776,398
662,723
844,755
426,83
834,284
969,51
319,174
339,346
590,939
472,924
385,779
666,756
570,988
341,550
223,166
900,858
12,590
201,617
220,57
212,670
517,300
648,651
618,299
708,716
332,466
420,616
362,930
861,165
364,344
98,784
136,232
953,10
89,881
906,979
683,153
382,711
628,833
470,621
305,63
212,912
243,89
403,508
156,133
888,727
779,424
405,116
994,194
578,315
422,888
708,279
66,295
46,489
565,839
223,163
336,310
121,397
170,718
493,227
924,824
78,249
601,293
424,479
12,606
352,499
512,217
588,189
849,80
922,917
404,533
712,735
436,870
763,237
183,497
245,913
758,942
791,249
221,868
258,403
182,693
660,512
575,647
462,316
224,370
763,414
593,494
580,76
756,445
54,311
895,857
628,902
384,436
225,574
413,141
539,240
446,115
189,381
97,803
738,661
691,56
957,645
983,546
994,341
382,224
193,953
837,680
675,188
975,443
693,866
187,955
133,181
656,74
999,575
309,947
218,34
458,978
532,930
129,345
152,815
599,921
320,875
493,724
891,341
461,958
215,781
485,374
668,98
302,636
661,260
958,437
159,293
392,88
454,412
786,154
875,272
13,136
947,81
427,216
125,44
603,304
642,885
312,311
480,108
256,3
183,590
407,426
752,288
945,688
162,574
469,95
392,353
129,941
235,124
864,307
387,370
814,836
268,619
56,143
442,487
453,633
670,878
427,477
611,601
20,936
65,776
580,211
400,783
340,641
146,913
159,304
395,977
511,946
304,318
56,667
648,440
928,52
578,93
666,886
377,243
447,23
622,579
207,177
227,356
22,54
572,285
271,765
154,849
601,777
225,478
872,373
865,435
615,891
986,413
696,763
999,754
640,148
304,511
362,372
171,450
156,305
786,360
486,592
306,102
323,16
645,318
835,382
591,697
942,846
186,783
536,317
326,958
629,156
33,44
229,321
949,163
596,769
762,909
494,533
71,741
251,484
448,317
961,590
139,622
687,78
557,516
276,530
20,324
991,118
899,807
867,260
653,660
311,387
264,343
650,129
883,60
868,958
914,54
545,156
351,349
823,605
704,339
24,700
321,33
784,569
822,950
34,769
913,245
9,155
151,673
798,507
27,379
636,974
390,705
625,477
601,518
774,909
618,637
947,451
389,330
472,406
802,622
936,383
721,276
350,219
395,364
72,902
889,245
766,71
467,337
301,913
661,904
835,308
95,549
551,864
345,472
854,15
794,923
331,77
209,490
818,10
509,961
718,370
797,538
242,13
285,982
48,92
570,250
200,107
712,33
203,222
559,939
523,221
437,507
984,74
920,833
118,577
261,606
696,165
625,84
595,572
89,292
991,113
934,142
738,134
115,79
138,942
537,769
492,607
893,73
525,182
63,27
625,971
414,40
244,886
265,108
107,407
505,725
987,973
1,632
205,427
648,548
730,77
349,135
830,397
271,888
527,665
567,419
808,465
310,804
837,772
710,910
638,405
741,479
798,880
226,314
430,230
632,78
859,602
697,481
570,30
891,196
314,679
867,656
742,259
993,415
458,861
508,367
929,128
39,195
738,928
919,515
829,605
420,711
259,986
737,80
984,170
968,302
83,224
693,636
195,428
865,20
283,749
967,248
180,111
409,211
653,751
788,385
31,68
703,336
288,218
149,125
363,767
182,8
19,367
991,961
353,67
985,836
140,518
788,687
90,815
873,153
257,359
926,270
883,666
211,663
480,813
160,829
797,236
888,66
625,905
409,592
950,769
139,124
948,463
994,726
612,120
25,479
380,665
531,665
623,729
20,589
883,352
936,42
386,785
935,777
329,251
257,554
669,611
218,807
109,2
187,660
349,93
813,721
499,689
19,924
667,40
463,667
6,168
514,369
762,139
577,155
770,41
25,996
665,802
659,888
77,3
360,835
31,675
992,288
675,59
681,95
170,564
568,554
298,402
852,574
171,467
145,510
657,400
513,40
521,969
534,963
998,71
699,228
194,660
519,418
488,481
356,869
855,135
297,274
178,631
139,669
833,16
409,872
938,264
578,281
816,223
542,556
810,639
865,29
759,267
386,454
953,688
653,159
791,39
616,260
212,898
958,108
322,429
143,254
560,866
260,984
267,359
910,542
740,519
701,829
436,17
579,946
561,859
770,54
932,353
692,430
831,891
19,95
453,553
915,955
471,438
372,948
659,206
971,138
887,753
622,352
214,425
134,747
653,134
585,538
173,448
868,817
106,922
94,532
475,116
99,836
585,19
451,161
118,952
145,957
458,444
7,737
235,671
461,733
984,69
592,400
922,128
723,949
15,969
53,719
698,115
384,160
775,400
310,165
693,862
933,159
529,881
40,822
991,28
251,4
102,982
813,515
350,624
99,856
281,196
603,986
702,320
279,802
886,729
604,144
110,570
165,708
348,151
357,438
36,547
119,899
712,834
702,722
848,209
389,45
255,81
692,73
833,276
716,236
707,63
106,176
491,424
257,927
891,453
256,763
87,966
491,492
714,662
201,226
132,454
750,906
174,687
915,21
764,559
392,868
754,860
117,170
60,629
659,349
151,613
757,248
403,119
979,349
598,285
41,497
389,23
458,899
361,289
479,124
198,748
10,434
422,568
35,425
129,340
12,779
807,954
180,788
654,299
584,965
387,328
518,929
127,308
205,296
757,932
910,788
535,676
810,513
231,970
667,637
693,205
363,234
267,382
299,791
758,563
506,896
609,840
411,174
372,149
165,450
228,720
477,661
842,539
56,948
226,19
459,332
249,933
103,704
228,641
575,208
867,93
451,822
986,87
781,939
742,679
71,749
30,477
441,879
597,677
66,614
133,528
133,463
719,689
194,246
909,448
82,996
778,534
25,785
462,214
322,108
219,954
137,455
62,21
176,949
13,535
157,514
138,2
801,782
731,115
9,911
244,107
594,754
510,330
943,641
889,524
449,82
474,800
501,570
504,348
598,608
30,54
241,203
297,312
246,214
325,81
260,503
909,581
294,520
553,9
313,918
401,290
551,110
776,76
24,968
811,68
109,732
80,734
134,890
852,122
137,612
437,770
21,55
189,156
952,170
872,400
400,893
209,832
676,148
902,477
866,803
417,389
88,699
874,265
758,668
310,490
505,343
292,277
718,996
969,260
747,783
412,743
388,97
339,577
127,623
32,365
672,142
198,422
112,154
534,169
12,233
396,950
886,349
723,577
708,697
516,578
757,876
676,472
152,725
849,935
304,306
336,776
425,81
397,91
998,502
648,903
917,221
793,134
877,470
84,660
935,102
828,22
503,868
290,382
575,146
684,221
894,756
935,179
268,449
962,263
601,410
352,276
689,207
439,459
685,651
951,356
25,630
349,972
23,614
606,42
879,782
962,290
927,226
936,800
706,634
773,905
440,273
14,661
676,466
348,922
379,17
206,870
553,492
591,623
938,864
296,246
320,230
742,838
626,916
196,938
767,331
40,913
268,308
70,350
189,552
312,13
877,350
259,907
92,660
702,190
185,239
235,690
696,251
920,359
832,5
828,777
394,88
590,842
519,113
599,536
502,480
359,192
140,675
696,301
813,510
993,822
699,122
680,450
530,902
396,850
48,742
725,338
537,8
98,640
739,951
235,686
491,417
70,381
251,439
81,318
742,977
172,0
800,117
799,263
212,514
558,402
152,462
893,144
368,521
639,397
179,13
524,518
160,339
563,308
872,416
204,756
588,949
84,554
233,159
747,129
774,327
205,84
873,121
941,230
364,72
801,567
382,745
582,412
893,968
32,964
565,366
660,651
79,541
227,19
716,875
532,837
993,318
982,210
848,758
504,837
703,637
123,84
368,162
918,77
68,717
899,85
183,124
580,745
285,770
762,15
436,847
427,688
471,902
872,708
904,209
175,132
83,202
676,818
109,453
983,362
122,324
540,999
978,748
399,82
792,895
165,64
65,565
468,92
579,546
931,63
159,581
603,58
418,384
827,573
423,260
573,398
843,574
198,413
815,32
122,310
952,878
497,893
864,862
59,27
687,547
398,924
797,815
71,418
1,647
939,911
488,249
106,347
134,606
21,184
612,814
212,39
348,219
207,944
549,126
553,510
149,994
97,435
571,603
819,263
268,113
8,803
25,207
13,823
894,617
273,202
783,319
136,81
91,833
605,881
595,454
714,784
289,713
152,127
565,983
423,173
477,236
382,413
899,230
28,980
120,322
959,367
841,349
290,865
313,384
325,65
446,541
937,802
241,864
544,125
675,467
594,873
951,49
208,16
233,637
516,41
410,60
389,503
943,672
632,936
490,566
206,437
377,20
391,518
987,500
532,164
855,956
539,880
903,774
173,484
225,887
988,608
150,249
472,693
561,146
289,878
572,568
286,771
199,40
859,27
860,696
498,992
449,77
6,724
531,900
408,411
18,172
911,711
385,606
274,293
115,115
615,306
22,465
73,74
565,654
907,208
712,34
200,602
370,469
239,151
783,205
63,134
709,360
291,737
29,785
34,923
302,516
912,941
451,237
265,723
799,749
864,371
8,353
698,211
91,12
117,403
349,386
957,389
544,744
335,976
174,71
665,757
840,725
878,511
154,786
446,790
938,773
505,948
569,413
405,106
713,5
772,959
52,213
499,28
137,73
286,541
162,21
742,269
146,315
154,965
876,675
771,357
345,372
531,713
767,62
232,396
715,931
434,882
758,173
162,764
594,73
751,593
752,290
3,49
891,881
321,47
666,414
517,376
291,608
180,477
212,808
100,327
390,200
107,915
386,433
215,31
594,896
267,545
935,78
895,940
229,248
235,97
905,262
105,832
141,188
327,807
760,636
367,882
154,961
513,543
967,304
404,27
384,951
325,934
390,483
571,84
691,608
444,20
683,803
641,193
283,472
292,23
948,149
399,963
780,98
152,883
83,774
994,688
945,576
30,7
736,936
155,82
214,401
681,326
593,675
36,193
662,322
624,159
359,926
835,993
851,157
966,669
431,801
121,172
50,904
760,959
583,145
836,393
966,783
401,823
958,656
408,827
855,481
617,870
178,727
103,299
146,706
890,546
86,842
549,402
274,160
92,176
198,509
494,249
294,784
311,663
196,355
244,745
329,154
400,857
276,150
792,184
643,609
976,51
501,678
22,744
949,430
650,103
50,49
625,186
924,81
753,875
822,187
589,475
445,863
18,413
18,844
6,150
596,465
583,766
282,725
436,718
242,659
118,796
3,187
393,557
27,133
39,303
54,307
336,955
173,297
419,659
172,864
768,995
839,430
570,680
452,86
176,609
596,367
947,161
314,741
929,755
196,536
295,822
823,933
637,762
712,420
536,661
875,461
127,285
637,436
249,754
392,885
574,752
427,329
553,763
946,80
295,292
168,435
140,47
856,695
888,916
152,313
517,56
21,631
693,758
566,927
876,414
474,62
660,483
537,463
700,608
494,62
114,190
108,916
363,195
334,904
626,664
121,479
935,609
169,366
67,281
509,701
93,172
54,441
755,72
81,486
883,596
995,120
681,405
755,56
398,408
83,657
41,484
735,243
542,215
678,37
641,323
236,411
504,165
877,562
430,404
741,47
378,764
856,499
695,252
510,123
797,546
31,759
1,130
862,114
42,471
748,260
55,194
486,198
612,873
239,498
211,771
849,8
269,536
456,100
963,727
450,512
773,46
681,47
454,895
718,828
669,805
999,174
564,574
795,313
222,907
584,141
893,905
549,212
673,512
627,174
374,125
938,774
628,439
864,580
176,299
151,779
738,74
190,131
155,221
998,800
995,241
974,373
178,223
871,623
826,490
102,578
728,443
976,147
564,11
38,430
456,992
495,789
390,396
271,24
205,315
681,256
858,496
762,137
544,770
647,546
635,31
206,283
372,82
671,356
509,697
807,828
565,705
363,646
983,822
0,715
361,950
57,703
983,490
178,238
39,196
825,394
792,121
317,892
209,211
549,878
437,67
790,349
975,571
961,948
494,324
227,521
684,795
207,202
130,281
201,342
553,982
849,440
362,169
770,887
317,208
876,11
604,399
836,406
398,276
842,429
249,177
844,550
546,915
728,7
812,251
581,17
177,134
660,733
791,959
516,668
511,577
104,537
129,563
640,636
560,405
23,164
674,547
734,224
196,278
261,213
776,625
18,592
615,592
596,448
462,603
513,566
668,514
209,947
115,548
462,322
500,475
309,127
686,759
939,158
729,718
829,756
871,258
510,394
43,232
390,70
5,807
474,777
712,181
626,277
931,336
99,735
967,454
677,837
670,557
684,877
266,60
197,156
99,441
386,590
599,288
613,135
777,668
816,980
947,924
300,72
709,140
378,140
344,926
86,373
242,743
387,772
499,928
765,614
593,703
144,619
58,141
716,683
456,230
884,130
921,6
962,662
255,770
123,199
105,810
883,625
516,260
738,305
751,737
377,417
