183,864
338,576
774,574
527,586
320,398
913,422
235,306
641,854
431,520
355,735
672,462
991,998
190,327
319,581
891,975
745,947
752,457
294,609
489,738
155,562
853,286
799,407
19,209
464,852
79,59
624,644
25,498
689,229
596,735
943,650
927,737
291,656
795,356
727,157
633,485
915,292
615,192
14,686
738,330
386,62
702,56
817,334
622,534
519,271
188,489
474,129
297,840
858,17
287,35
580,711
514,60
663,25
374,135
305,64
457,341
969,848
814,279
823,117
207,982
479,30
850,164
488,480
785,624
574,277
50,798
140,904
749,86
756,58
456,204
172,421
980,689
420,151
777,315
502,112
367,481
340,848
191,348
135,335
564,941
490,965
496,566
951,219
305,995
349,88
798,186
756,833
290,265
600,604
831,282
211,238
577,160
584,792
227,125
464,333
68,865
669,155
22,449
51,798
617,873
142,553
624,476
852,142
754,99
450,42
961,481
486,410
187,308
907,183
220,152
708,648
324,123
860,986
431,252
703,636
273,809
551,782
63,624
99,966
82,872
6,909
976,634
772,507
715,235
129,243
503,887
980,77
113,739
426,476
807,231
676,424
838,776
438,213
486,124
955,731
794,80
336,488
577,806
143,558
482,785
710,794
328,182
473,714
87,52
864,820
938,558
241,485
931,983
126,858
82,95
558,666
361,512
443,745
775,178
999,572
777,920
198,258
557,549
413,663
86,727
641,680
99,166
793,605
665,534
286,258
668,129
305,109
508,670
771,978
6,418
282,918
630,777
436,734
786,970
729,325
973,765
944,380
708,822
194,116
85,86
263,76
707,87
772,511
493,226
140,454
810,547
785,251
595,855
37,278
453,623
539,653
584,754
234,162
900,823
332,75
827,408
577,584
25,705
703,74
138,162
66,816
146,529
898,401
816,634
182,119
126,246
170,700
218,572
684,258
250,807
258,858
259,442
918,568
20,273
48,622
396,985
86,222
39,560
849,888
938,468
459,306
869,521
996,936
473,428
134,43
671,778
981,925
278,273
574,350
936,78
155,969
129,650
503,784
267,450
868,914
188,601
91,536
467,307
631,745
617,963
506,596
293,293
492,622
544,928
254,923
852,725
301,338
637,505
99,807
6,869
97,414
810,228
247,973
341,566
121,738
602,600
907,637
547,529
58,217
95,666
681,425
421,434
179,159
22,765
542,719
513,645
5,292
9,762
198,244
114,512
215,763
166,22
606,953
397,897
168,395
738,946
914,791
929,63
718,185
759,471
389,515
805,624
164,805
603,14
196,618
132,899
747,557
210,443
399,932
119,362
873,809
471,519
955,883
30,908
256,231
39,485
927,510
987,987
947,385
474,409
915,513
645,486
436,471
858,696
792,855
595,841
450,630
749,973
26,663
772,892
802,277
37,788
421,738
232,404
613,45
812,19
450,939
708,770
421,604
459,406
720,421
855,530
710,920
549,174
365,928
638,928
663,883
242,432
540,951
628,244
128,393
298,986
37,638
382,808
577,473
299,116
552,971
280,696
355,355
385,781
707,348
444,260
276,600
932,542
572,211
170,205
72,866
690,163
316,117
604,205
793,365
882,860
902,71
356,658
258,356
640,107
519,85
741,164
270,932
658,772
141,576
322,237
106,705
523,55
331,95
953,117
65,929
251,26
353,864
305,907
711,544
964,722
321,334
431,514
681,849
87,509
768,51
654,233
781,24
30,640
958,190
708,831
603,726
100,57
880,157
492,650
625,554
825,699
981,449
41,712
614,860
401,67
595,771
984,128
313,199
579,590
915,262
542,161
447,488
576,266
266,697
644,26
981,869
278,608
805,648
873,40
78,243
733,790
146,378
257,52
331,179
633,12
488,236
802,260
429,362
610,946
329,84
121,413
461,375
515,23
748,366
913,545
528,664
409,376
982,320
614,384
542,297
231,444
800,464
300,415
347,915
476,784
121,585
825,130
569,672
113,190
327,790
547,578
121,410
629,590
407,405
246,480
562,368
90,383
27,963
106,943
891,904
540,226
243,286
959,90
485,410
485,820
673,736
667,942
588,474
676,8
267,347
973,950
629,776
975,476
116,777
784,107
774,151
585,319
775,532
518,157
577,808
711,325
821,111
575,469
557,461
313,499
779,611
759,543
687,786
921,63
386,122
534,863
595,759
374,318
128,89
330,563
65,36
853,944
476,965
555,340
794,674
805,273
642,86
70,663
922,253
237,362
411,507
943,635
869,321
19,65
438,135
151,4
717,986
391,919
618,643
105,316
721,213
985,56
856,686
33,465
180,510
268,346
161,587
834,767
823,15
789,639
848,268
922,475
45,578
885,708
279,300
151,506
595,848
591,191
932,233
969,634
771,723
395,813
852,553
720,886
902,632
556,926
935,188
712,673
629,957
192,247
979,97
284,997
479,51
27,150
272,963
192,309
376,485
84,189
481,582
462,514
612,499
726,387
286,9
540,361
377,141
135,472
872,360
298,264
150,389
380,215
255,289
691,236
886,59
548,104
356,560
626,850
852,585
167,457
617,323
174,906
706,650
373,43
952,927
835,147
820,312
799,90
500,323
298,954
337,12
645,666
150,548
812,787
584,321
114,566
395,672
945,780
184,789
301,548
886,366
611,854
760,429
754,978
91,162
612,648
185,770
869,371
246,872
43,584
802,463
433,30
932,341
255,352
193,847
792,355
643,555
307,78
116,241
134,296
481,846
337,74
879,303
215,883
924,478
66,602
411,608
320,918
838,370
134,512
163,816
561,543
140,882
518,568
291,490
835,511
594,787
814,853
621,695
261,764
724,72
815,76
408,590
783,580
282,104
822,722
981,707
584,298
601,309
854,440
602,72
969,583
626,484
315,176
267,197
905,851
335,455
195,443
888,330
634,564
456,354
715,656
961,855
840,444
741,646
789,12
18,672
765,797
361,243
667,615
833,149
279,517
527,813
485,808
73,688
721,31
423,602
722,388
471,689
105,338
817,509
472,181
65,897
138,831
997,903
249,538
878,168
889,454
959,582
605,193
378,257
462,601
322,135
829,312
839,798
828,979
417,730
567,834
287,375
419,293
371,101
180,502
820,832
311,534
766,287
691,44
469,185
621,598
715,223
615,149
471,285
560,893
568,16
27,437
250,697
465,619
696,845
194,527
401,263
485,673
865,934
998,621
961,112
650,21
302,278
29,178
126,947
770,789
443,404
594,660
937,125
944,546
243,544
690,324
843,612
910,757
187,149
682,316
341,258
489,156
168,740
188,264
910,752
195,211
721,339
428,127
677,287
312,523
195,207
135,505
347,30
512,918
326,404
139,728
62,215
856,842
155,727
752,959
931,270
639,290
488,587
667,892
444,732
474,213
667,109
581,406
960,804
249,850
249,809
683,10
786,86
485,379
481,73
542,56
742,929
96,499
480,203
405,436
329,911
671,59
195,936
97,478
841,168
399,285
900,15
769,45
886,649
20,626
755,715
917,622
418,465
49,388
257,929
741,694
815,564
419,12
268,116
738,208
655,39
762,0
397,31
425,936
773,219
984,291
216,792
766,209
155,61
107,885
272,3
921,341
485,479
908,764
829,262
509,541
157,376
286,133
860,968
929,173
196,26
498,817
258,586
454,801
158,517
75,502
297,820
612,319
407,813
687,643
422,139
704,359
112,808
780,952
579,922
762,856
237,693
331,522
232,709
214,196
783,977
924,35
834,517
11,963
820,804
484,522
531,300
993,666
681,47
189,426
825,766
607,210
429,239
727,426
542,456
455,417
887,291
53,782
958,637
237,975
144,450
335,624
877,481
110,371
226,360
626,194
279,34
408,934
648,823
789,349
996,907
500,431
766,583
373,418
102,307
108,432
636,430
463,810
147,427
461,151
886,443
604,878
980,363
16,72
3,456
755,477
779,806
928,587
176,628
422,96
964,979
60,343
687,473
467,204
683,933
475,755
404,74
597,823
80,680
1,513
921,886
216,454
809,180
0,235
498,161
970,263
882,586
249,30
47,539
433,817
219,371
952,267
448,24
798,879
372,453
726,514
798,834
911,200
389,744
426,285
617,777
165,893
927,116
908,252
589,602
171,361
5,209
997,52
632,279
960,759
409,468
905,765
888,323
311,913
106,599
45,421
906,116
592,409
782,854
179,945
913,994
101,857
665,33
337,650
838,449
134,118
62,329
495,827
638,179
442,408
272,691
172,985
700,455
945,529
480,977
76,861
751,654
13,408
470,856
687,730
558,785
578,797
639,485
865,881
282,483
677,166
97,806
586,692
979,951
967,137
414,951
718,652
298,268
110,160
980,615
582,872
798,742
178,564
780,44
532,699
675,709
826,434
601,638
518,312
227,113
565,334
600,612
286,652
106,693
203,201
923,263
107,539
166,756
459,370
292,98
383,798
566,540
827,789
956,753
68,878
160,310
134,786
82,47
5,383
226,246
279,990
184,53
500,156
379,805
961,400
753,425
826,712
442,819
41,501
695,254
770,557
908,920
729,157
359,605
115,741
51,807
859,573
503,50
894,91
971,84
195,979
480,50
633,76
503,726
996,457
222,845
314,230
689,121
334,867
833,210
839,460
455,277
246,550
408,444
701,240
276,551
638,844
239,887
514,685
896,255
528,992
238,314
71,262
769,583
800,566
507,628
226,481
662,592
125,139
459,758
311,823
699,936
482,689
303,3
706,723
958,117
543,751
791,764
744,32
364,20
713,430
835,63
615,987
540,707
243,857
515,210
559,786
745,618
310,498
767,732
271,637
547,436
86,263
551,314
12,544
647,110
294,829
718,538
485,152
570,616
129,907
794,879
212,801
811,883
220,889
434,190
221,836
442,779
356,715
490,754
825,868
360,558
634,118
219,261
176,951
441,119
575,415
558,919
891,383
261,391
958,311
284,381
794,665
976,921
211,7
230,441
49,462
821,578
264,854
60,600
374,608
682,115
246,219
983,9
55,202
19,287
718,745
251,720
196,817
45,327
690,684
755,401
366,726
986,506
969,470
45,330
134,601
288,562
958,426
796,822
853,837
378,466
837,61
182,821
501,453
336,225
298,38
378,907
369,32
271,37
359,520
108,884
980,768
346,256
913,170
44,62
566,775
438,79
123,167
943,466
359,115
881,488
350,458
533,366
639,536
80,526
661,103
645,566
285,718
432,550
588,463
307,917
191,824
108,421
590,880
668,642
162,711
956,959
983,494
923,86
644,474
952,848
441,944
736,326
68,255
89,603
833,767
961,902
253,841
17,535
992,771
429,519
842,722
182,106
557,90
599,157
756,233
475,367
228,748
784,400
23,843
11,141
440,784
834,395
230,306
5,430
465,804
125,548
211,120
791,242
366,10
530,667
305,710
554,682
280,82
644,910
694,827
191,201
497,618
173,510
822,822
701,846
933,680
480,263
90,71
76,96
647,911
649,214
847,488
397,779
525,243
153,558
674,384
150,69
679,705
669,75
677,270
10,789
948,501
509,390
430,742
869,413
734,725
39,341
994,615
359,24
431,8
292,452
286,168
753,690
731,910
857,252
844,864
612,750
813,50
801,519
621,189
501,924
780,534
791,573
717,983
327,923
621,849
636,171
930,149
83,826
268,806
694,321
49,906
505,194
110,865
67,943
529,416
319,13
148,231
915,914
684,795
388,161
397,248
499,675
814,533
59,97
275,415
822,371
951,876
107,215
952,224
383,894
773,47
732,305
655,587
827,131
944,93
889,619
629,199
250,39
316,757
56,125
30,909
657,499
128,113
66,131
297,52
99,533
519,826
789,900
869,79
650,887
743,472
228,936
987,855
93,422
857,996
54,945
294,661
457,533
169,163
646,425
140,51
160,545
499,727
87,913
678,330
318,982
567,334
250,864
212,144
711,849
985,874
79,703
890,183
594,998
155,366
631,154
282,24
378,402
959,267
829,30
796,277
472,665
942,237
477,178
267,633
975,850
362,131
151,971
804,831
358,47
90,996
865,932
478,503
891,469
256,683
222,318
138,294
817,486
145,249
481,531
38,967
298,248
697,789
559,894
712,234
684,697
192,35
606,744
645,274
353,855
662,863
948,545
824,643
457,756
589,191
695,287
372,283
805,165
675,787
127,319
253,411
478,243
867,463
359,862
592,181
156,993
35,148
990,27
14,107
822,527
83,611
89,886
590,727
663,860
453,595
732,259
193,197
640,88
916,952
462,493
982,652
40,573
716,895
924,519
913,128
221,830
89,968
738,711
477,968
490,372
220,996
688,115
777,827
466,967
672,864
319,232
875,873
27,790
958,984
218,453
552,525
700,635
354,606
112,600
895,582
575,142
108,214
921,400
338,310
379,699
375,465
615,133
661,560
377,255
282,107
86,950
842,679
390,859
412,356
33,989
697,802
762,191
745,255
757,205
79,580
228,971
23,546
927,745
122,938
36,957
198,13
839,457
678,272
365,654
470,275
907,67
345,825
63,652
456,566
64,878
310,621
2,191
426,387
9,51
653,768
1,155
404,704
402,784
635,806
403,820
991,388
573,775
230,116
645,71
988,637
841,129
175,546
76,93
381,591
464,609
574,112
224,50
178,944
248,788
110,819
267,255
424,694
972,39
227,26
517,50
562,92
137,138
98,578
934,684
635,590
62,191
640,745
761,288
451,736
647,715
604,592
329,762
325,737
29,783
702,250
867,166
719,674
94,568
776,403
766,688
868,946
958,527
200,20
803,502
779,565
591,908
850,11
754,253
912,528
813,893
820,767
366,930
677,25
273,28
576,56
560,9
428,713
322,188
167,421
984,579
330,310
612,735
292,79
695,943
104,946
276,556
877,600
897,412
619,299
544,0
691,350
338,564
89,941
405,847
348,107
104,337
789,395
385,830
63,849
692,188
616,32
752,25
282,692
338,225
161,914
324,583
144,118
753,500
858,749
73,403
833,914
517,593
964,323
873,435
903,900
295,96
704,220
784,943
182,168
435,847
279,804
962,147
718,876
364,610
749,157
942,782
354,937
242,779
575,55
828,342
858,156
172,810
717,849
276,530
473,992
136,453
917,196
554,547
968,880
207,779
369,945
418,540
887,998
485,617
263,777
34,605
103,802
592,962
143,360
196,52
46,600
768,146
398,601
678,784
634,57
780,345
878,887
373,162
626,256
919,84
46,992
452,820
811,710
220,800
939,32
552,142
708,969
638,467
680,307
144,173
977,251
675,54
832,135
607,274
814,532
618,614
724,285
394,123
59,353
551,755
640,945
661,539
42,602
526,354
960,853
755,200
554,245
699,888
249,708
598,951
91,658
229,819
925,479
213,327
750,738
429,31
971,221
668,420
761,375
246,906
792,430
989,944
848,820
792,755
192,748
611,498
476,22
272,221
221,512
278,673
768,636
931,415
233,226
401,798
133,30
489,18
422,623
164,161
350,124
380,643
365,47
34,555
459,111
127,965
596,623
306,929
391,977
922,629
987,438
611,514
67,568
265,880
535,36
536,548
676,355
724,279
654,664
47,311
577,250
468,37
210,424
25,75
776,203
707,595
563,907
87,975
746,241
951,594
477,902
178,415
338,665
865,938
17,413
782,504
423,138
403,178
347,947
503,907
322,739
747,785
261,525
83,175
80,295
702,955
642,388
845,140
431,784
820,436
688,52
894,857
333,681
828,792
107,40
751,194
27,415
988,769
909,862
62,103
630,108
205,972
514,933
942,478
280,276
925,208
773,911
191,750
72,588
694,137
704,934
622,750
741,596
331,789
959,649
534,237
583,747
823,192
248,75
196,134
486,719
299,121
720,743
937,135
260,411
774,37
958,724
3,916
338,709
698,985
160,465
571,756
414,895
581,870
823,641
414,747
247,320
169,505
372,284
632,185
217,532
805,811
72,57
620,346
557,193
617,262
162,934
379,394
268,848
468,176
964,974
288,202
403,990
743,230
801,54
662,971
853,932
515,972
768,293
668,154
463,293
145,955
239,30
364,754
172,259
573,302
563,770
331,459
573,240
971,809
692,925
702,738
928,548
512,29
173,380
253,350
70,15
942,279
416,333
730,758
705,805
502,339
762,981
421,823
62,107
156,196
940,529
869,529
311,196
453,876
601,142
167,189
229,191
114,396
982,702
904,83
286,882
838,627
974,375
100,446
509,684
506,363
106,603
704,843
592,399
373,665
854,600
208,103
984,206
221,988
439,167
397,334
451,852
344,829
382,847
716,661
116,771
138,778
268,838
129,671
476,629
907,493
22,141
490,876
422,855
390,101
78,255
124,524
175,878
593,98
573,926
354,691
711,126
62,186
787,782
649,590
754,44
501,668
185,1
964,798
43,816
703,327
157,407
817,640
88,748
408,871
864,623
788,901
307,809
576,98
761,449
653,842
647,865
487,79
120,54
736,372
916,756
716,827
53,405
869,441
309,5
326,466
393,247
178,657
178,0
203,208
936,218
140,284
248,565
156,920
461,117
620,198
535,392
315,109
96,899
529,254
977,973
532,219
415,520
879,865
61,763
210,902
820,242
21,318
172,654
35,601
516,648
960,450
875,165
271,689
56,108
372,492
381,986
626,645
532,647
607,979
989,727
260,710
498,896
296,210
382,879
768,466
869,883
507,775
783,332
921,764
449,31
43,914
587,126
159,800
845,923
411,626
164,61
445,513
491,417
765,145
259,798
299,361
836,390
188,43
199,439
954,12
806,581
417,295
883,316
339,167
591,376
87,751
88,99
321,317
336,361
578,426
845,255
831,12
660,900
903,643
835,687
16,490
618,320
385,705
948,900
947,266
255,424
836,570
150,735
146,814
172,256
16,590
161,306
436,464
12,348
160,831
842,67
761,852
820,785
28,639
119,816
673,330
129,800
591,784
368,779
97,972
835,840
721,41
577,239
951,681
904,949
943,855
948,668
149,102
498,925
289,963
12,196
424,466
856,51
936,313
237,857
248,795
503,436
488,789
225,92
345,530
936,100
101,357
750,935
742,612
10,435
986,834
806,552
178,784
949,472
4,567
971,405
721,50
549,332
222,32
992,822
844,789
838,450
379,384
770,947
265,267
899,309
368,738
392,529
390,617
834,296
889,334
824,200
479,305
57,204
714,328
113,666
902,41
437,189
222,345
69,39
155,60
126,409
934,647
714,639
613,92
57,656
461,561
265,181
519,923
171,871
610,355
523,838
150,62
208,874
752,447
870,833
81,296
772,199
970,78
494,134
0,232
171,385
720,913
698,969
122,854
143,670
93,757
205,708
172,699
45,250
175,138
916,67
83,680
228,349
603,639
931,981
457,630
163,3
639,253
92,211
167,71
323,137
646,291
373,562
716,768
928,494
198,743
448,942
590,871
727,485
132,939
11,421
724,839
901,435
67,621
824,698
898,580
612,126
769,806
470,358
330,395
56,851
133,600
885,50
210,514
384,171
858,547
126,690
452,154
422,371
726,783
19,438
750,597
252,925
132,872
735,888
425,381
346,938
145,746
798,259
552,582
304,206
859,346
742,958
752,293
77,620
18,926
546,542
482,66
657,238
753,762
979,12
681,294
913,807
80,353
207,409
53,432
503,504
355,687
581,347
213,999
222,79
765,844
833,649
943,505
279,76
559,173
438,344
812,199
629,956
492,644
811,565
61,892
261,704
30,547
580,704
84,821
326,734
541,169
265,882
34,772
736,174
783,71
505,983
129,155
910,26
102,760
378,222
335,331
673,932
150,296
432,485
362,805
474,443
329,210
923,922
422,969
844,619
166,371
43,823
860,182
47,779
996,143
405,7
921,625
676,559
495,553
332,590
343,270
685,548
490,94
766,198
232,71
721,358
550,56
161,258
883,622
408,724
589,202
125,465
880,973
219,297
875,382
894,625
534,615
756,983
696,594
156,943
143,564
572,622
811,834
373,507
198,621
839,808
779,919
559,128
248,623
514,117
166,709
106,903
219,423
449,885
270,176
180,961
326,781
425,18
789,34
920,398
120,140
41,225
383,888
878,772
626,171
225,480
789,909
332,213
125,278
977,508
468,831
914,726
421,708
337,876
327,959
400,507
467,852
605,157
119,86
11,402
602,430
909,518
743,339
223,874
431,44
703,371
812,633
846,119
391,927
213,60
919,72
150,627
155,7
954,826
448,2
185,363
441,79
44,116
212,731
923,918
278,741
610,178
718,480
542,853
839,74
847,177
339,789
502,688
837,641
760,874
379,37
112,304
751,464
409,216
764,241
356,552
711,250
783,917
869,289
547,713
245,877
831,548
81,964
730,104
380,583
219,589
102,548
259,575
938,496
994,528
550,453
92,502
495,449
257,692
5,876
244,298
457,914
598,849
843,282
42,749
524,64
988,150
945,427
404,446
526,792
821,314
511,483
593,735
313,466
996,104
51,1
144,231
479,363
526,534
856,632
555,596
439,440
527,286
567,244
3,642
606,855
910,470
803,745
255,966
427,984
683,533
542,492
782,983
131,727
960,1
285,525
524,620
726,252
818,488
733,286
380,232
553,485
244,332
155,531
374,7
941,623
387,546
840,558
341,901
686,453
134,565
584,265
51,528
41,652
921,250
530,770
456,764
991,256
185,53
842,963
878,452
723,925
99,656
586,15
264,712
768,228
658,748
891,760
872,194
114,175
250,92
232,584
293,669
832,248
113,643
885,678
924,688
739,338
105,597
274,553
590,93
616,957
634,543
878,296
181,854
874,47
881,116
871,691
162,362
240,645
713,349
921,861
171,475
771,749
526,539
600,4
603,127
109,891
969,1
468,953
81,211
458,767
543,820
823,424
173,429
38,533
400,839
412,605
760,779
803,743
722,951
805,584
243,546
481,491
704,271
529,199
576,611
10,959
171,857
316,342
620,54
205,112
784,433
421,135
631,765
303,480
989,244
683,832
453,959
959,484
884,289
200,147
879,843
772,254
319,328
833,757
295,673
693,506
256,622
376,677
3,710
700,864
348,199
81,329
716,9
927,381
81,784
951,942
85,339
253,377
116,201
242,505
908,373
880,109
721,456
765,897
119,38
724,555
320,372
928,40
661,79
136,759
169,365
979,591
614,461
376,683
534,882
869,409
320,530
103,636
879,775
531,663
388,509
402,488
461,519
924,320
156,290
884,235
782,670
695,688
260,274
957,504
9,383
723,710
142,883
732,315
940,175
129,237
295,424
280,855
605,56
692,473
332,562
967,405
348,17
109,810
800,373
527,673
1,263
973,778
809,594
820,113
208,149
548,476
543,127
973,589
197,752
115,355
469,953
768,106
959,98
37,22
689,943
933,3
620,874
651,703
424,474
656,310
588,888
964,579
761,667
36,636
250,132
190,555
701,195
918,492
974,574
417,678
440,648
475,785
901,496
232,820
462,464
246,620
243,418
267,895
212,231
720,843
479,856
167,959
472,746
308,135
395,83
233,444
110,306
121,265
400,809
160,798
352,139
101,286
350,421
424,216
908,324
48,79
150,53
51,539
202,132
329,978
82,841
746,768
985,792
175,786
11,394
447,723
615,995
699,20
751,831
143,0
970,428
573,955
150,197
806,422
843,600
892,223
799,101
504,373
272,293
914,519
848,426
628,219
953,57
655,828
796,720
445,522
435,659
453,451
819,670
761,100
728,860
725,707
92,528
411,308
709,692
638,525
415,607
902,356
72,429
654,340
559,405
335,916
811,952
870,989
153,430
368,687
520,675
974,902
77,242
677,446
63,932
656,817
440,753
264,986
513,135
809,315
167,765
398,760
231,397
492,78
67,460
995,80
355,799
823,463
125,309
455,138
11,63
998,345
222,972
490,583
857,313
856,497
317,195
744,882
115,919
527,198
542,263
18,398
828,478
260,753
582,571
725,861
376,916
737,9
122,602
692,403
78,996
777,653
893,271
822,473
848,980
572,335
587,813
169,715
626,202
754,375
460,995
187,406
460,312
376,727
883,373
402,802
617,847
101,337
171,587
722,210
832,77
133,794
398,383
814,542
162,282
990,18
365,186
893,834
866,304
512,947
242,636
759,952
238,277
695,675
485,279
101,94
909,533
906,435
703,785
823,735
343,133
646,836
542,30
117,9
443,857
820,528
13,496
375,743
517,826
521,241
54,839
534,775
88,428
281,237
632,748
936,396
726,272
338,767
247,150
52,833
932,516
478,984
252,212
714,47
136,73
391,57
880,759
546,828
88,161
862,367
254,222
758,401
140,311
427,888
96,366
220,308
250,401
857,477
256,55
216,158
752,636
135,405
673,194
482,469
735,494
487,185
397,682
307,358
585,285
481,900
420,124
7,186
369,435
943,153
466,328
675,500
134,420
157,517
234,327
758,584
774,456
561,200
828,277
473,220
834,20
518,688
254,300
49,147
805,532
867,794
627,725
454,71
783,175
869,354
927,921
470,798
869,293
809,153
744,728
763,224
459,2
376,15
279,90
302,782
598,110
831,66
732,105
446,99
699,267
958,41
13,544
873,336
248,22
241,529
466,603
188,513
646,370
318,752
50,214
517,332
680,676
424,7
759,540
337,381
849,282
556,457
288,534
343,566
345,943
794,581
774,666
816,688
12,772
721,316
683,585
401,806
860,975
46,387
175,872
456,688
686,644
954,252
680,999
962,428
971,38
629,212
13,506
126,218
295,960
933,515
334,748
363,726
89,440
58,981
921,92
685,378
646,506
590,528
823,306
457,72
660,92
548,395
720,711
116,890
237,754
805,806
766,800
814,613
757,229
643,45
893,196
355,434
822,437
628,373
748,354
927,178
882,621
406,590
141,595
182,153
567,38
125,13
218,979
301,970
157,554
419,362
36,721
225,21
403,770
184,609
499,497
790,358
964,194
671,72
794,65
676,655
375,736
481,352
321,647
915,820
116,195
310,29
800,233
619,862
323,916
974,342
360,991
719,62
650,43
45,856
708,639
938,169
87,234
791,148
754,695
439,517
401,320
177,625
409,565
489,80
661,614
441,110
28,933
201,430
494,43
696,944
9,148
499,863
311,726
516,842
638,326
946,472
893,247
710,815
43,593
433,609
630,404
690,751
330,157
840,585
662,984
14,45
827,22
507,224
73,354
656,90
259,288
818,157
806,462
233,290
405,313
768,693
840,911
647,100
927,695
717,815
823,242
493,780
895,571
703,49
306,592
236,432
248,760
170,10
82,587
257,887
829,334
654,998
728,107
554,849
196,659
752,639
826,674
929,333
607,224
472,213
484,567
37,302
902,319
677,437
775,449
687,667
712,972
786,413
511,528
715,819
754,903
993,174
171,73
338,82
567,717
457,9
474,249
555,154
194,959
415,629
734,354
870,239
556,954
791,341
676,772
127,403
64,647
789,959
149,237
239,594
522,524
728,992
157,408
389,849
148,241
728,896
420,132
942,542
616,907
641,554
431,486
883,488
159,933
378,818
471,543
302,427
771,8
868,200
300,561
592,100
931,70
577,20
878,569
217,736
717,211
308,889
133,914
282,389
95,538
630,663
584,610
62,391
817,497
941,511
408,552
782,761
822,168
940,609
931,258
874,709
404,739
964,470
736,889
163,988
247,50
898,3
291,782
907,246
191,58
449,521
533,44
828,652
85,210
381,862
585,952
137,641
651,799
347,386
586,565
89,908
46,286
446,875
720,389
917,119
68,693
188,694
590,52
509,43
566,127
349,436
103,39
374,441
647,219
55,534
123,340
287,732
48,388
597,764
423,539
269,339
957,278
803,411
791,86
615,334
337,911
128,137
30,326
347,510
48,706
248,784
321,516
522,523
553,682
388,293
596,583
970,98
609,325
680,23
220,769
109,240
294,595
17,275
970,884
404,404
915,679
435,71
653,425
432,804
440,928
430,575
857,78
835,839
463,736
848,615
410,85
845,419
828,888
160,341
211,860
558,931
109,714
870,220
988,162
679,847
573,421
387,143
244,681
686,267
565,429
738,152
776,3
298,316
873,66
617,885
499,386
309,23
931,703
412,539
990,320
395,564
990,215
181,893
184,949
174,736
48,822
111,674
494,587
645,717
265,703
465,125
660,944
918,48
999,344
5,38
114,760
326,296
603,648
473,190
64,115
343,784
27,73
463,805
863,902
500,612
422,293
64,755
877,0
825,73
118,871
731,940
205,113
249,596
431,950
522,857
261,770
148,78
463,760
695,717
13,679
480,951
970,122
680,659
933,711
739,793
199,89
577,780
622,927
952,105
821,616
148,369
48,32
425,743
409,702
836,475
964,642
556,548
746,590
535,165
206,144
892,54
936,914
49,173
692,709
682,461
439,338
512,881
317,595
583,693
505,876
946,969
499,683
998,519
903,865
909,8
861,690
710,821
326,125
117,265
662,500
714,258
864,74
129,52
758,184
982,20
433,501
305,999
106,670
437,105
618,74
676,656
990,243
642,793
14,352
719,523
675,145
598,178
697,340
245,967
457,544
572,924
450,348
133,514
88,865
220,316
357,816
116,800
499,583
896,563
179,652
889,848
908,640
344,368
129,848
905,862
524,121
441,200
737,807
77,529
628,841
115,12
770,854
699,805
845,460
447,104
121,543
367,78
817,525
534,785
550,763
556,300
496,876
705,962
393,147
72,195
263,356
717,751
676,779
155,892
25,36
544,224
588,416
347,343
761,349
3,961
693,194
42,592
713,47
187,36
291,750
952,614
780,418
88,576
708,364
105,190
711,566
612,127
273,735
725,773
575,891
668,783
247,698
104,483
672,857
244,408
347,425
161,427
103,528
511,63
870,797
473,843
358,113
537,11
4,92
680,561
740,322
820,976
297,222
872,667
384,992
816,921
773,132
535,583
607,755
461,391
207,64
954,469
557,616
880,103
30,28
3,995
136,540
936,338
754,410
264,931
425,295
471,784
479,153
856,816
619,364
239,595
214,898
729,251
216,471
145,278
940,959
742,260
518,720
297,307
980,510
768,948
952,372
857,415
325,183
690,83
188,216
115,411
556,70
461,993
505,241
202,314
855,197
160,784
253,859
1,645
484,838
357,984
76,859
77,966
117,496
418,728
751,37
775,872
370,314
171,159
705,93
40,397
475,334
846,110
929,821
707,628
265,509
412,671
367,739
282,289
152,411
88,351
815,609
191,350
166,862
938,54
462,809
94,209
969,200
735,466
369,812
180,746
546,443
295,116
154,924
375,441
23,42
963,185
999,986
779,205
970,110
760,37
866,198
996,56
771,206
351,220
524,941
15,643
17,756
808,545
889,204
111,490
394,392
545,435
242,313
654,922
831,138
390,577
257,533
786,871
878,22
741,283
541,455
626,500
304,344
29,258
849,762
154,461
560,22
264,862
474,473
706,996
993,978
848,600
612,291
421,358
213,827
5,950
461,994
980,926
626,969
753,743
451,597
864,851
918,349
811,716
682,945
155,684
414,316
514,496
417,270
197,832
139,280
388,558
347,365
10,510
31,155
959,944
9,271
573,75
327,231
648,839
909,142
611,923
438,508
800,636
49,492
38,593
732,179
213,826
135,19
479,579
549,714
510,762
897,63
508,710
725,767
534,145
512,57
460,661
549,256
211,48
164,614
202,94
914,370
930,84
436,960
683,404
830,486
797,833
669,926
571,6
356,251
708,212
501,580
390,320
82,594
979,826
70,11
936,900
459,231
452,979
289,809
872,601
576,384
37,679
234,106
776,791
890,279
75,309
599,181
727,670
923,773
929,843
389,427
958,229
167,414
979,957
165,854
793,511
289,271
712,809
51,80
679,209
838,261
863,13
185,368
326,440
949,528
818,952
23,258
878,761
291,157
722,424
219,381
487,522
834,301
282,372
575,498
275,520
911,25
983,140
117,759
518,153
901,792
91,110
420,907
734,627
713,564
729,763
530,829
330,276
611,175
503,149
691,45
283,209
136,330
976,690
687,199
678,426
841,850
53,558
147,715
351,356
415,401
941,390
261,299
597,430
753,437
795,39
294,52
17,757
664,75
642,785
985,31
897,684
320,559
570,170
682,884
131,662
739,116
503,442
791,843
870,815
760,32
127,5
660,397
11,430
976,247
865,660
71,943
835,88
73,768
676,592
348,643
121,146
365,951
940,594
363,307
989,765
783,810
915,627
23,107
255,786
379,895
0,922
601,557
594,587
112,923
257,664
502,229
95,349
123,619
142,385
701,124
797,165
651,484
879,532
521,276
745,53
693,756
931,787
755,342
725,963
971,612
658,224
259,27
286,109
895,234
347,218
284,466
957,434
946,162
258,744
825,29
783,562
30,360
645,445
653,213
840,37
128,294
265,334
711,460
151,108
515,918
466,915
603,432
443,250
299,153
19,455
141,163
138,780
340,972
196,140
23,413
77,345
387,778
186,790
783,170
68,915
561,467
528,442
393,153
146,928
113,482
244,820
443,380
234,717
997,442
617,63
996,32
324,284
627,136
262,30
539,902
429,371
660,290
100,705
765,297
235,166
518,669
474,617
606,836
708,763
563,379
285,749
525,141
636,103
331,882
262,251
57,589
769,813
142,590
343,400
811,166
601,3
845,121
39,412
744,261
400,587
922,557
530,851
547,400
280,164
616,516
243,159
801,607
601,618
865,910
279,589
520,748
807,520
301,67
991,170
214,554
70,74
206,423
411,354
752,176
34,492
441,742
419,316
305,182
839,896
87,5
105,839
277,275
607,507
136,241
552,648
855,143
35,711
133,34
324,720
442,872
875,653
114,810
421,158
745,521
128,207
150,854
714,966
951,217
739,378
461,702
445,761
272,810
58,968
7,142
368,94
477,486
495,302
655,813
722,371
115,910
365,303
456,909
118,785
749,776
258,823
889,987
891,137
778,326
621,312
907,110
957,155
74,342
738,41
117,420
993,362
192,52
702,924
119,99
630,605
871,23
36,572
686,424
353,988
690,407
714,531
330,490
10,580
336,102
25,898
103,930
608,275
750,222
457,604
896,208
170,581
774,781
950,679
153,156
513,347
182,79
619,383
49,881
693,973
13,435
300,675
375,41
541,537
8,245
717,990
135,219
744,541
7,820
388,944
431,658
500,893
354,52
570,596
223,87
110,158
284,366
593,134
370,924
355,376
329,451
389,293
278,670
541,785
242,754
337,492
921,254
261,193
111,707
108,819
911,503
435,516
946,577
302,303
715,867
374,357
139,677
747,441
768,787
149,377
568,901
690,958
346,218
560,686
268,707
733,683
709,89
619,426
430,526
91,894
318,925
751,903
900,698
433,435
974,610
731,464
840,655
421,176
557,664
772,413
185,93
162,82
768,914
648,715
573,749
429,584
201,270
436,386
653,624
647,456
6,675
236,47
516,997
132,511
812,768
638,803
726,930
688,298
324,417
103,429
703,391
76,100
144,462
628,842
538,485
744,559
145,914
312,926
897,200
438,827
859,72
395,198
576,362
215,830
469,291
47,593
103,677
85,138
677,54
599,714
4,663
170,429
176,468
979,784
934,272
181,699
165,834
963,247
273,750
411,685
86,158
529,311
19,117
835,810
466,843
809,554
268,598
95,762
897,667
449,666
206,341
700,598
839,864
339,676
266,688
786,820
448,170
84,220
32,568
18,561
137,906
554,34
338,846
971,439
406,373
404,35
416,699
65,850
450,378
459,30
914,686
380,585
580,289
855,833
229,690
342,75
123,520
827,406
19,718
395,409
539,753
816,54
0,346
872,593
808,103
920,878
794,300
368,768
965,362
766,470
905,601
144,454
655,583
60,532
880,367
503,486
210,231
281,638
122,766
917,134
6,603
252,323
30,261
26,97
567,606
361,144
435,703
735,692
10,518
396,526
323,351
522,664
808,601
680,805
448,530
803,482
871,988
862,962
414,456
337,604
128,86
128,314
558,422
460,181
657,586
667,234
412,113
475,528
899,970
126,322
104,406
752,622
214,992
195,17
183,246
762,584
81,685
621,230
401,891
887,236
533,42
336,173
404,795
251,11
769,919
647,447
985,265
9,147
470,132
695,582
56,268
936,289
368,652
123,18
640,796
960,351
296,404
646,983
610,21
886,339
165,913
464,7
251,158
660,736
64,377
69,336
942,963
234,128
618,236
394,157
31,915
277,974
99,625
71,968
579,120
602,457
799,564
225,778
77,456
159,93
319,716
671,143
784,558
664,42
789,834
329,367
953,428
438,980
781,698
603,698
203,130
345,338
490,751
951,759
989,428
6,966
649,473
415,984
618,526
996,164
200,524
310,258
656,520
431,344
291,836
689,848
960,972
271,81
282,139
482,611
645,940
699,872
254,394
518,175
370,69
435,669
977,921
505,318
985,728
495,263
423,448
937,186
568,535
628,302
684,350
147,792
915,589
200,421
273,25
809,740
570,560
879,853
946,428
901,796
149,317
258,407
872,874
937,921
166,254
795,602
185,763
767,861
476,737
547,329
713,932
432,646
10,487
612,218
957,258
318,827
736,353
16,213
158,950
163,426
111,895
405,724
836,629
575,731
314,978
671,98
582,533
430,683
595,94
171,537
522,806
729,804
184,462
991,995
303,207
879,868
581,978
325,534
490,962
362,816
495,917
771,370
129,314
129,274
404,147
684,175
712,186
420,407
262,493
879,666
444,57
691,6
95,312
906,572
745,398
421,888
198,265
721,437
185,545
488,741
657,660
926,471
571,390
797,178
152,322
803,633
995,20
844,203
633,301
758,738
529,799
123,766
196,55
623,286
963,207
403,447
629,188
603,694
987,65
550,856
815,710
567,796
470,109
636,900
591,381
397,166
817,5
247,248
452,307
531,158
615,289
728,472
674,319
354,956
201,774
11,256
208,787
598,663
946,369
61,771
213,650
666,982
660,652
178,179
50,888
446,340
724,519
712,212
541,662
977,179
463,3
475,643
123,430
646,194
977,231
544,773
412,864
488,177
860,934
205,984
403,626
153,881
270,57
770,369
495,207
354,381
782,160
717,689
91,947
410,71
305,792
80,5
870,51
642,132
208,616
349,181
972,157
409,457
984,674
613,408
924,888
180,864
908,92
159,761
790,30
398,647
18,128
615,281
956,848
854,339
105,340
668,65
90,965
694,615
274,456
31,391
532,733
280,475
52,435
446,986
241,171
621,433
374,250
211,858
165,667
66,572
502,455
101,964
939,395
869,398
941,201
507,232
212,641
168,550
472,247
555,267
112,144
202,924
394,753
74,935
566,838
600,878
865,43
176,729
122,880
11,463
904,412
743,190
873,463
367,627
774,599
492,260
63,379
609,974
834,340
784,404
447,163
74,542
465,242
587,243
262,791
881,401
929,128
350,203
819,73
33,85
327,491
807,839
586,168
847,715
286,645
985,428
261,782
32,328
156,752
193,681
435,349
725,872
248,520
465,487
653,642
221,56
424,70
730,850
859,542
148,640
807,621
597,426
21,549
893,725
100,696
652,465
666,597
668,490
357,261
233,854
831,801
671,541
687,394
196,72
379,408
251,621
105,181
751,190
679,76
566,754
909,448
715,261
380,761
415,113
290,329
558,717
985,756
314,949
832,560
157,577
403,31
679,103
829,995
712,802
859,117
836,753
471,224
795,282
902,390
650,114
701,13
441,594
19,966
863,165
21,656
698,499
955,465
111,386
676,610
757,317
811,578
337,26
645,157
949,183
165,930
916,191
169,170
397,486
711,0
791,803
37,486
813,144
542,100
655,968
74,872
448,28
432,139
61,590
544,853
637,104
874,711
607,37
797,688
880,545
35,691
646,181
111,391
391,270
175,918
363,79
305,921
940,823
305,594
48,389
822,676
446,856
739,456
125,85
485,829
970,237
898,411
940,339
346,759
44,744
285,594
425,71
656,49
629,641
791,91
221,232
116,115
410,382
805,324
904,770
662,402
787,574
473,548
899,514
651,451
672,543
636,69
8,710
761,204
573,756
198,839
674,108
701,54
741,526
598,726
387,308
777,424
186,91
10,121
279,375
975,155
918,875
801,230
747,354
123,737
661,434
100,184
226,146
360,512
745,198
283,144
189,44
184,589
97,873
894,652
232,391
618,539
866,550
191,767
188,295
650,252
781,682
117,430
383,661
209,207
491,151
339,908
919,807
452,369
870,629
296,67
383,7
951,169
225,540
644,72
362,703
558,5
720,590
613,712
839,325
854,682
748,574
178,927
865,283
43,724
188,690
908,921
226,905
361,317
251,70
198,508
122,129
960,805
91,493
251,331
987,274
930,65
208,424
732,122
474,180
772,376
535,837
242,760
776,674
747,378
220,909
799,773
918,533
485,578
722,219
139,570
783,617
15,731
51,86
265,315
344,362
522,77
742,990
521,262
947,375
44,496
119,511
719,454
52,885
180,635
772,633
820,974
718,6
245,177
844,784
737,424
387,494
997,109
512,768
345,58
693,661
173,239
95,242
133,825
572,331
706,533
124,560
48,832
371,579
199,763
172,589
670,409
698,16
952,188
337,644
180,64
599,534
744,373
951,133
510,192
29,137
90,895
41,610
433,141
793,121
115,303
333,857
190,559
471,250
278,517
707,853
179,93
111,567
709,507
15,127
50,509
420,660
202,867
141,125
928,192
906,780
518,410
773,739
82,198
515,752
735,412
883,926
895,882
249,263
963,529
515,92
272,232
588,316
461,853
222,136
75,702
899,848
714,903
190,87
298,39
21,366
298,202
189,236
630,180
461,957
274,897
670,323
312,582
367,713
998,62
92,666
15,726
598,8
192,426
629,144
132,392
310,555
836,319
869,834
41,196
439,295
684,517
590,423
541,315
401,816
895,563
362,806
565,656
560,632
654,690
181,483
517,661
485,361
915,1
634,403
934,124
120,493
452,696
773,262
997,883
469,940
926,776
859,100
600,194
421,534
654,394
818,145
421,131
602,759
334,803
227,447
129,352
136,217
992,874
997,902
170,47
594,276
901,864
445,528
771,144
662,928
155,798
967,442
856,573
317,609
609,818
157,895
484,146
545,981
584,397
341,796
72,328
45,788
699,804
355,782
991,665
929,556
761,429
44,960
251,274
852,316
699,772
107,945
582,337
355,204
754,905
699,203
620,988
672,522
290,356
981,701
137,470
670,751
103,643
88,873
117,233
274,543
659,127
444,622
346,746
957,644
24,670
331,578
22,549
674,124
131,218
115,937
873,565
238,57
558,241
878,36
938,55
503,341
342,596
38,829
175,62
332,309
130,984
785,76
902,365
525,92
694,348
350,281
785,368
805,561
820,802
95,211
652,394
998,936
628,215
837,841
856,575
228,21
746,580
545,149
290,309
611,263
479,197
398,496
355,831
246,66
99,176
395,803
874,991
955,840
34,253
751,634
561,547
741,962
180,707
301,487
172,802
234,595
76,555
600,345
383,565
82,410
667,420
723,899
703,809
742,523
656,926
84,810
826,695
82,110
252,685
990,573
902,701
571,995
549,923
142,945
378,647
49,555
947,889
629,363
919,655
606,840
28,149
2,922
648,73
124,98
792,383
931,810
264,811
80,45
823,449
483,650
834,766
145,605
760,234
408,655
389,255
403,298
202,408
647,73
682,623
651,201
328,199
55,162
115,243
900,69
900,631
440,274
202,719
620,899
121,529
212,56
956,70
733,731
601,389
302,215
758,174
336,515
557,276
179,74
556,108
125,811
266,161
333,373
188,726
620,155
446,38
720,52
15,182
245,88
628,282
451,371
673,568
154,883
646,120
677,246
118,0
148,69
556,88
933,730
88,298
2,624
45,305
327,635
671,939
432,455
817,284
581,541
775,102
728,671
348,232
19,305
239,137
427,389
784,977
700,602
679,525
492,772
780,113
362,430
739,197
588,3
994,291
192,505
943,286
637,676
630,789
974,456
101,577
11,39
932,238
150,154
561,949
896,889
430,207
432,797
751,614
771,601
584,746
831,862
117,103
376,167
92,756
483,215
734,242
960,192
866,84
282,681
890,881
655,77
781,126
95,696
651,394
165,461
580,215
383,450
299,999
474,197
609,248
360,867
545,475
374,541
220,617
409,597
684,193
174,647
721,812
785,461
674,657
0,916
489,960
229,506
84,166
819,226
648,62
50,74
576,739
731,689
775,567
640,666
637,958
511,841
73,402
371,398
580,60
983,345
862,548
281,716
566,24
600,614
923,766
823,77
282,980
568,755
217,561
286,83
44,15
992,691
923,911
977,140
36,911
979,133
402,606
520,643
824,832
86,148
602,821
118,961
25,7
151,644
16,799
600,222
782,120
862,16
662,360
176,526
287,247
887,876
357,658
837,525
451,976
887,196
737,46
232,513
262,986
148,96
95,152
778,32
353,147
208,357
198,817
575,275
276,721
67,994
489,56
412,535
380,394
447,393
783,103
513,344
980,665
626,650
871,796
265,976
876,367
815,368
701,439
891,573
635,335
806,815
513,424
177,354
848,332
629,697
783,33
24,311
337,542
970,23
10,771
826,817
522,987
502,923
465,403
985,800
299,769
581,634
282,520
137,335
827,771
102,188
235,371
369,855
892,935
797,724
6,770
331,374
1,438
303,46
785,974
106,798
966,49
763,659
332,835
365,701
868,877
346,447
90,833
80,576
828,457
655,60
893,633
127,466
163,440
711,821
902,937
109,518
227,599
554,66
201,287
281,819
569,132
854,39
707,343
289,929
715,882
881,454
