318,313
129,2
237,139
848,682
470,471
41,613
8,535
997,410
553,291
565,862
70,589
438,105
634,557
760,56
295,533
592,284
37,782
790,690
537,179
455,431
95,542
278,621
747,220
262,395
799,712
244,691
718,920
13,783
435,541
587,3
324,760
696,71
494,511
47,26
652,341
703,342
371,762
342,231
104,188
930,750
186,496
693,830
202,594
987,667
712,313
825,74
489,756
524,86
486,228
805,657
596,655
341,266
24,167
121,354
727,828
278,111
296,5
332,268
588,869
380,670
36,442
10,613
412,526
41,413
625,607
213,667
257,794
482,449
758,341
800,821
547,739
173,762
549,8
41,435
426,27
852,569
291,623
998,455
107,275
748,693
321,31
486,847
221,224
144,345
366,529
364,130
899,46
818,507
720,24
623,496
706,797
487,87
724,189
439,530
273,565
101,532
692,584
348,35
678,260
330,114
394,561
378,298
772,940
521,718
202,462
452,961
785,348
685,250
74,820
687,98
701,755
101,924
99,902
286,430
74,574
736,300
478,698
157,847
262,209
160,204
998,162
647,748
57,696
45,827
843,30
116,112
663,511
380,701
356,515
101,675
450,387
363,504
726,884
132,188
757,789
681,23
146,57
470,494
414,878
126,499
383,428
335,991
421,71
704,552
689,35
25,722
254,14
342,613
553,448
88,948
510,180
498,805
651,266
805,626
662,290
312,927
68,317
427,148
943,642
710,868
268,26
112,825
794,658
345,210
933,115
762,346
308,174
76,663
34,669
565,891
705,974
882,80
202,294
285,917
583,929
18,378
546,5
824,947
961,717
510,921
357,126
121,764
933,710
378,212
839,256
364,983
776,9
762,19
510,59
516,670
708,47
36,80
869,327
128,853
88,180
948,408
470,764
254,20
974,558
699,759
76,79
611,253
571,635
809,321
423,629
949,285
991,448
77,542
25,667
960,60
658,610
249,289
923,111
869,927
242,673
235,993
417,663
441,70
318,436
58,48
169,732
842,402
421,489
917,208
635,949
509,461
145,348
716,603
782,240
16,569
247,369
485,934
279,281
125,145
987,285
535,827
597,990
962,182
213,26
105,637
719,291
457,826
485,401
867,845
619,245
459,54
614,84
349,356
28,478
672,271
815,521
544,193
101,715
280,504
835,33
98,791
597,520
408,340
573,566
928,588
55,252
615,938
642,62
183,294
60,475
923,505
846,756
294,808
200,701
851,765
885,577
433,574
651,695
491,406
573,579
666,135
975,179
274,633
582,84
850,120
588,169
777,331
895,329
968,404
21,77
635,233
165,615
268,520
320,97
800,171
145,810
93,307
127,316
48,933
544,225
96,276
453,241
747,637
741,909
248,44
796,567
725,525
0,348
11,83
909,367
242,166
758,702
499,439
913,894
188,427
902,479
496,19
459,899
437,128
663,358
991,189
987,150
608,424
371,545
775,575
624,125
359,619
165,145
593,93
380,214
309,706
584,865
812,130
486,725
675,575
436,953
452,178
587,913
546,592
908,858
592,121
541,726
962,656
279,655
365,841
47,192
535,143
582,830
947,803
225,62
494,413
104,567
616,296
193,595
326,665
340,761
524,600
860,418
55,116
688,938
882,271
65,907
490,702
661,478
595,755
310,235
817,806
183,800
678,267
964,344
869,612
402,786
993,333
461,838
826,554
808,890
896,295
938,713
248,161
478,551
94,27
201,67
43,103
571,605
125,380
286,287
725,595
883,936
984,726
215,543
630,342
417,417
737,105
240,233
696,488
205,335
662,675
508,589
834,388
855,973
179,918
920,997
323,701
395,707
333,502
837,177
341,485
462,982
854,569
5,201
78,887
332,841
179,481
843,630
805,212
74,755
196,110
877,192
619,148
512,79
700,994
745,621
665,499
711,716
262,910
294,801
45,60
261,59
494,262
985,177
784,693
763,918
843,960
497,156
89,940
852,799
177,71
298,294
828,676
386,111
562,28
671,218
575,294
978,723
793,624
649,907
928,389
899,930
817,104
616,195
964,183
970,844
822,298
3,493
2,62
374,573
645,156
888,577
850,50
26,929
509,729
410,945
45,196
613,130
763,608
250,455
454,508
683,755
332,870
410,700
531,723
669,796
882,418
480,851
470,709
920,236
129,320
198,191
201,897
373,432
644,368
23,795
784,643
466,262
834,205
704,914
276,270
294,898
366,179
416,370
12,373
632,604
730,859
953,893
629,531
314,602
831,739
290,333
244,125
105,590
517,462
189,628
526,759
513,32
976,845
349,741
796,95
132,945
252,836
670,779
700,694
229,167
576,789
524,128
530,675
783,598
448,352
166,662
592,478
611,95
511,307
850,122
68,633
887,84
219,575
339,678
429,431
219,172
521,526
405,59
522,663
235,855
96,983
96,754
79,511
502,683
861,802
520,62
543,182
972,536
977,337
667,913
470,213
402,35
950,180
524,842
424,386
733,26
229,862
21,299
641,136
476,182
55,540
700,579
341,969
337,830
418,958
667,408
849,24
254,969
689,320
598,214
535,413
149,389
279,681
211,504
894,830
489,357
658,188
700,914
139,825
885,717
751,202
397,84
96,315
986,31
452,110
16,243
915,567
520,716
490,759
118,257
963,752
82,44
983,57
179,283
990,994
88,195
824,630
235,862
585,500
363,757
511,465
802,121
428,393
225,14
714,961
39,396
573,72
54,633
383,352
130,404
482,781
729,406
468,335
213,153
381,356
440,213
67,280
71,780
58,543
769,771
687,818
340,147
61,285
554,180
763,360
66,154
817,844
25,968
453,447
784,313
140,425
260,265
671,456
551,934
243,749
580,219
627,795
572,771
578,249
423,763
69,451
119,884
531,76
710,12
122,959
63,439
62,559
58,203
713,821
166,90
927,733
614,253
106,674
875,8
616,286
522,973
484,95
631,982
231,630
626,551
33,295
779,160
115,43
880,753
623,949
111,594
965,563
858,812
593,405
347,43
745,456
969,891
24,758
889,282
904,285
253,769
685,214
495,902
478,245
904,188
776,399
407,123
980,430
781,29
40,531
841,584
192,107
749,646
316,487
434,894
13,919
483,523
35,836
218,46
538,876
125,573
354,312
546,713
320,91
194,958
831,641
940,678
893,468
227,580
859,902
124,406
829,343
296,960
568,506
986,217
982,159
284,659
26,732
484,805
946,862
966,746
581,168
572,620
933,662
792,378
77,31
335,144
377,450
599,348
502,776
804,8
682,28
438,35
322,166
828,485
687,190
608,70
660,900
713,275
105,559
660,566
354,756
767,66
457,532
534,331
474,398
724,934
974,971
127,726
12,849
741,278
905,101
228,580
650,882
17,134
41,468
727,154
222,736
212,655
844,620
158,284
91,528
361,788
121,857
860,162
161,35
331,70
847,636
865,997
610,167
896,252
884,76
626,233
183,924
411,496
173,120
691,784
596,673
566,231
495,992
115,646
833,284
925,191
633,436
570,3
899,792
787,138
406,249
854,726
351,28
879,495
921,306
316,49
268,931
999,802
358,174
588,221
644,846
223,58
609,255
408,679
944,566
244,642
487,871
42,868
176,97
559,482
400,265
758,151
965,85
855,486
593,353
603,57
437,17
638,728
266,812
943,267
156,257
860,194
353,170
60,377
644,118
191,772
169,457
83,26
146,212
756,41
135,157
544,180
23,405
464,42
754,951
867,342
535,546
163,937
330,543
4,911
904,908
182,979
589,842
824,125
299,727
182,881
187,481
438,892
566,804
968,285
976,58
918,307
941,813
672,414
202,638
451,257
757,225
886,864
94,332
111,824
362,905
114,276
768,867
146,886
198,961
226,858
333,409
52,417
75,337
147,97
535,194
870,342
697,317
342,978
302,602
696,330
139,113
853,792
275,914
419,824
824,239
569,996
851,735
368,513
620,776
821,265
971,237
601,292
627,581
926,327
667,947
276,148
47,318
654,885
170,604
928,514
911,860
660,45
818,140
3,68
934,361
817,530
781,500
882,570
67,228
648,131
185,203
891,949
328,729
373,616
488,667
886,575
452,276
481,663
777,327
441,46
696,618
916,790
515,557
755,199
691,115
175,644
589,989
450,576
186,916
105,680
329,377
478,371
966,197
42,607
705,773
56,399
813,737
535,277
648,126
802,633
592,850
112,468
649,778
709,497
862,904
627,70
357,668
822,581
525,791
825,352
380,82
574,7
300,289
247,974
943,631
668,753
23,290
276,724
398,385
472,690
809,910
678,172
590,371
375,192
611,842
548,656
772,70
944,2
212,965
728,175
350,742
371,994
4,524
195,177
795,323
398,763
43,575
780,529
904,339
91,550
81,965
844,634
761,483
270,489
837,877
663,238
715,408
429,42
363,954
921,21
270,299
335,704
215,352
834,379
122,496
983,404
388,101
801,888
861,691
266,687
463,198
607,920
712,59
359,729
103,484
212,504
843,367
819,774
492,150
248,386
454,534
145,604
854,422
875,925
952,362
299,999
222,287
170,202
693,676
143,838
908,701
44,176
213,645
571,238
280,71
31,221
161,425
678,866
823,423
256,750
671,644
478,142
336,851
887,488
471,704
201,698
337,226
885,19
221,995
254,647
419,69
546,95
280,796
387,473
929,507
325,497
687,903
694,566
86,503
437,699
147,585
292,909
879,369
913,137
414,973
799,165
613,316
358,77
667,862
413,613
119,531
326,448
467,377
234,245
449,318
418,183
958,867
992,784
466,320
789,625
210,503
113,33
237,846
38,823
157,513
229,149
448,639
904,886
275,531
546,470
747,655
835,700
57,224
659,140
953,130
294,985
167,240
398,873
311,613
967,114
92,356
567,991
21,198
852,638
452,20
451,492
358,253
314,534
100,325
624,555
789,957
738,581
345,921
266,298
612,916
586,884
63,809
213,184
970,805
614,952
432,687
623,87
834,559
964,119
918,689
664,95
165,985
943,120
373,899
181,964
357,206
528,403
98,479
398,480
450,605
565,235
978,304
382,693
201,231
129,668
614,295
58,320
59,348
405,832
907,810
828,201
581,952
381,307
711,904
333,438
615,702
464,479
478,67
206,367
867,830
919,42
676,912
731,225
26,406
550,820
791,444
602,453
119,112
71,42
978,64
560,365
72,444
593,956
40,373
586,543
487,723
230,797
473,869
965,15
814,883
44,860
403,597
225,38
997,642
984,835
197,688
783,41
342,205
665,739
385,485
12,785
649,31
68,594
171,36
6,955
602,516
912,997
682,838
418,453
643,550
897,512
137,106
798,278
635,624
203,773
781,727
202,272
793,674
774,545
480,40
143,875
97,899
543,699
388,600
501,282
635,360
976,177
7,490
919,82
39,279
133,800
349,628
594,793
576,68
318,289
761,696
997,245
174,238
906,325
773,232
724,341
995,436
762,347
526,668
982,509
91,961
752,470
184,62
124,670
936,162
279,460
693,152
176,914
266,851
907,599
169,401
863,967
554,254
462,938
733,746
213,998
157,90
837,677
840,906
323,430
51,312
793,712
791,654
41,507
469,596
391,67
930,199
688,866
807,119
68,561
347,36
562,736
285,513
851,723
476,835
514,341
594,227
547,54
348,634
528,410
799,16
888,412
772,902
791,801
102,72
835,483
282,808
389,119
501,481
498,232
483,650
380,137
532,5
299,75
24,668
705,537
796,724
474,568
944,820
43,283
28,202
433,255
399,50
353,878
811,442
613,487
546,704
831,436
799,804
533,222
786,863
677,82
953,208
141,156
275,172
217,104
511,697
137,434
466,410
994,234
841,762
861,359
660,534
708,21
48,885
483,891
760,358
417,442
9,445
161,274
970,712
699,21
316,780
672,561
521,278
797,694
207,31
181,963
879,96
14,666
787,263
765,168
406,672
301,271
659,86
725,57
997,827
266,87
888,608
590,66
720,943
733,844
335,687
395,604
32,545
140,580
995,392
641,38
586,877
417,360
909,984
641,839
774,525
393,874
800,895
939,451
177,393
258,227
731,310
561,851
492,768
447,515
357,704
471,713
200,22
578,680
216,782
56,618
254,515
523,974
783,504
538,364
250,162
708,220
689,24
474,805
835,317
181,574
930,751
671,118
327,343
926,613
620,11
872,266
72,976
313,173
927,137
246,769
621,279
979,191
521,904
871,963
173,228
564,327
490,503
57,126
300,251
391,297
66,571
113,208
237,195
730,201
717,529
465,882
565,734
56,683
580,418
862,424
381,104
379,718
606,65
380,287
103,379
970,150
448,242
602,985
115,783
665,951
725,206
863,689
340,341
600,102
148,542
161,181
347,660
990,545
838,556
886,518
364,284
749,358
464,460
63,917
966,140
432,127
745,859
946,269
997,20
239,694
863,639
827,188
283,188
548,696
859,796
114,717
156,233
385,598
784,544
128,472
526,180
580,518
789,63
388,399
536,367
329,39
109,119
964,565
362,678
868,145
301,127
259,418
597,743
317,45
571,660
23,170
346,215
259,880
844,995
97,616
184,282
442,300
354,735
738,64
875,906
157,740
277,876
836,665
765,501
1,111
674,636
301,636
480,195
808,960
59,340
273,110
851,707
348,173
846,571
243,789
893,596
73,595
266,630
769,764
386,143
486,446
573,410
977,689
377,687
269,935
220,807
885,167
798,320
557,137
634,727
270,757
443,723
259,220
753,281
22,472
399,772
187,104
530,743
534,925
859,555
292,531
810,314
87,641
184,615
884,298
464,21
574,676
63,140
436,55
498,511
223,360
370,91
197,100
187,360
325,686
536,177
749,198
790,677
472,689
880,515
676,803
113,481
370,480
67,505
597,623
657,265
505,276
691,813
78,62
555,630
528,494
982,956
726,711
345,518
59,555
607,418
53,484
312,289
485,389
439,751
949,712
962,226
484,676
392,474
607,982
933,771
314,523
666,121
22,644
670,979
666,846
192,884
87,796
259,95
133,561
67,872
791,240
296,380
649,877
257,44
32,573
15,83
493,940
681,756
39,793
174,423
471,308
39,693
759,924
911,826
336,582
962,917
291,306
255,9
855,705
426,224
670,523
49,853
64,488
644,130
664,561
920,940
744,350
798,932
762,897
53,200
238,429
321,208
83,887
139,430
739,70
461,942
739,52
666,206
378,686
57,593
854,340
635,740
282,692
951,743
134,115
319,987
417,393
475,994
617,434
222,176
74,290
902,114
481,727
326,973
435,451
361,657
775,953
462,635
634,921
455,59
94,439
629,555
738,326
53,617
199,803
124,352
873,401
773,202
939,454
717,989
711,920
125,594
775,351
785,48
74,842
172,723
643,238
456,404
784,434
311,79
744,572
965,963
996,946
447,840
199,634
550,69
79,604
935,598
989,250
643,8
670,451
459,728
298,15
183,745
634,148
487,529
617,478
288,942
937,134
829,429
393,630
97,697
792,902
971,300
842,953
507,187
290,852
140,69
334,387
106,114
281,331
292,559
795,698
79,355
222,456
361,757
374,447
497,997
51,582
643,357
313,971
382,839
538,33
276,455
792,90
547,769
917,619
925,464
31,707
841,284
280,619
313,790
400,31
856,605
420,660
906,107
698,430
102,984
212,114
395,683
718,297
443,612
965,523
942,556
476,691
480,552
710,631
415,368
771,819
141,248
455,224
561,194
950,286
817,783
297,163
304,46
212,616
158,335
158,453
311,351
549,759
461,720
86,72
702,731
672,201
269,703
608,884
764,401
307,669
439,187
581,993
58,861
837,573
809,995
116,626
583,971
822,846
574,165
82,212
369,610
91,671
676,221
837,147
706,188
140,542
232,799
585,459
374,419
38,989
283,144
750,757
100,731
554,713
924,668
681,802
191,666
741,603
335,575
974,724
987,676
961,646
902,964
181,409
848,556
583,170
137,375
604,179
744,303
189,131
688,546
514,826
751,462
203,87
476,494
468,629
658,208
231,883
608,733
663,762
230,611
483,491
970,923
265,122
195,403
251,227
316,429
979,901
267,884
797,467
610,639
913,845
935,981
61,204
38,198
520,117
164,554
5,666
415,725
992,571
990,644
744,183
193,624
457,529
94,47
893,278
400,593
601,306
44,95
58,420
100,561
847,452
488,729
211,401
16,454
131,793
432,924
230,454
161,99
654,893
138,221
64,941
626,429
151,21
289,231
972,51
212,288
30,183
740,466
503,672
127,239
55,621
723,291
722,102
544,597
785,579
907,699
708,168
463,399
908,434
517,607
259,66
554,398
37,357
354,615
333,713
613,412
138,32
542,51
580,797
944,902
953,835
982,422
133,382
858,329
36,483
321,146
785,245
64,671
648,532
771,877
230,858
119,967
181,263
722,975
79,937
807,995
412,431
347,461
312,679
394,186
649,196
153,654
251,619
745,370
70,167
292,262
453,32
914,11
74,511
228,729
152,99
565,530
700,895
55,74
140,848
829,679
432,438
931,788
680,536
865,366
231,20
118,34
64,962
307,275
939,409
293,956
50,494
849,805
529,886
555,991
806,651
463,935
126,993
999,41
592,883
89,374
728,434
431,33
961,10
538,49
634,550
496,49
312,347
100,834
738,377
538,931
375,653
824,736
764,341
232,442
577,398
842,937
418,982
871,378
302,196
273,780
830,769
763,554
884,816
37,7
757,951
348,734
946,812
719,524
208,577
391,796
252,546
460,172
792,344
736,167
689,934
804,844
618,372
166,594
283,500
305,128
20,365
998,43
245,936
504,280
74,537
953,611
15,187
301,267
965,832
140,700
398,601
554,873
46,709
657,460
890,794
151,269
894,25
99,792
229,851
170,463
42,206
480,298
553,638
227,932
194,648
700,51
175,765
198,388
244,967
8,704
599,924
530,390
365,42
475,283
787,790
300,663
157,415
925,509
776,195
575,334
55,674
516,924
773,653
528,681
24,573
762,980
107,971
830,122
335,875
218,491
983,764
95,83
327,817
973,81
409,32
848,492
358,560
592,131
279,779
726,397
437,480
967,315
6,455
716,400
153,115
144,536
900,395
241,150
17,657
573,922
192,299
374,647
279,557
775,610
325,294
381,835
956,430
879,912
305,432
944,498
152,212
141,353
86,635
696,657
638,970
928,487
587,750
16,482
491,848
405,912
777,409
402,697
882,543
279,804
401,843
571,897
621,523
671,455
358,876
388,173
379,5
326,209
256,810
393,285
961,893
839,649
119,1
227,492
2,379
991,470
894,974
838,867
619,209
910,218
319,82
608,167
604,101
194,290
563,342
156,430
220,599
950,307
889,145
239,354
25,984
213,113
25,301
659,203
568,962
270,258
191,452
836,56
410,374
761,530
740,91
342,156
257,662
546,697
514,491
713,148
700,452
446,940
878,31
935,677
318,116
345,363
909,864
539,395
611,834
568,479
870,967
537,507
709,522
112,887
997,694
945,867
790,970
634,589
612,894
280,916
714,493
887,903
141,73
21,358
180,513
311,282
736,501
971,712
708,650
313,692
401,846
412,795
532,187
283,815
115,55
622,834
888,924
90,693
37,310
233,943
146,338
749,390
625,333
667,696
979,270
798,582
22,584
295,502
394,816
729,592
324,94
502,451
262,530
350,719
866,77
292,799
369,630
397,420
677,492
532,231
328,123
744,844
406,759
205,589
79,912
45,891
666,807
104,792
835,656
986,371
827,581
821,558
349,639
458,879
993,409
819,61
829,993
98,85
269,357
596,816
866,814
644,274
286,182
168,65
450,881
168,690
237,869
388,998
978,236
102,923
524,985
180,595
489,644
23,273
58,242
126,606
545,129
456,409
493,213
378,377
503,879
745,530
447,528
855,717
391,133
466,772
546,230
958,914
41,963
241,826
588,409
872,53
241,661
282,52
979,650
189,258
344,626
885,27
329,588
553,572
421,217
879,610
475,698
900,38
136,961
639,833
568,114
17,46
376,279
855,476
331,576
228,667
508,915
173,249
78,91
448,547
150,499
734,920
735,893
79,844
384,494
153,71
573,614
403,365
149,34
585,865
595,684
428,72
586,766
233,25
615,350
500,770
579,819
322,841
842,673
824,145
222,236
528,688
975,266
320,573
161,96
534,319
154,30
554,890
893,374
825,287
425,562
750,11
524,36
29,599
564,856
526,392
914,433
830,188
776,620
995,2
768,708
248,943
822,300
673,55
455,440
996,279
358,561
618,55
542,926
85,488
545,558
27,781
510,305
561,423
886,781
488,146
420,895
164,64
150,670
719,372
75,839
543,325
235,992
425,5
639,230
305,687
830,229
429,113
56,331
168,20
1,511
39,755
293,564
411,994
147,662
229,696
93,982
315,893
17,119
505,875
230,147
531,522
308,996
223,607
425,27
571,558
255,426
591,956
217,2
341,3
639,711
746,926
133,273
268,812
488,423
23,928
709,983
828,521
456,441
325,806
478,972
353,509
366,576
727,112
337,951
652,685
119,727
140,878
39,883
791,254
886,823
552,647
477,134
897,574
746,957
758,198
980,123
458,792
404,365
123,352
781,542
319,467
74,812
547,72
14,735
615,391
264,925
840,764
306,9
364,84
307,179
675,109
871,943
139,948
676,953
430,768
215,786
808,409
951,58
927,409
560,621
431,940
687,76
37,198
171,70
553,954
877,861
96,256
115,167
709,717
533,474
545,328
280,701
541,100
337,771
705,590
476,687
544,983
967,541
867,146
174,493
187,842
237,38
432,628
296,462
401,987
196,460
950,499
173,660
416,112
402,990
236,484
739,325
213,225
902,765
529,14
888,123
666,365
994,925
924,515
515,699
939,669
384,561
535,785
548,41
825,109
20,156
380,985
94,242
104,18
15,390
900,602
904,734
371,399
91,664
722,265
60,260
567,174
796,953
158,928
594,267
16,334
279,275
157,746
756,160
662,521
369,189
288,308
767,375
190,961
750,236
337,498
118,30
79,510
862,189
939,877
762,68
371,213
845,326
828,641
212,951
545,897
975,756
304,18
818,562
211,975
439,797
5,634
275,401
981,328
556,711
326,826
312,873
544,973
415,214
933,745
51,651
486,846
996,935
196,14
788,86
280,857
245,927
239,267
54,450
679,460
982,673
702,800
159,673
388,208
711,867
477,583
950,423
340,108
377,591
17,154
408,134
667,589
984,964
925,821
518,688
839,548
370,654
967,655
251,849
52,71
532,574
720,68
232,322
756,800
826,894
508,8
434,686
306,734
821,678
390,130
761,32
387,939
538,725
157,763
175,723
845,27
960,4
848,812
620,157
534,205
991,390
425,813
148,138
772,808
629,351
114,733
743,971
439,465
174,9
296,97
237,936
75,209
51,412
341,69
713,635
473,873
566,281
346,940
83,62
117,415
749,718
627,969
681,185
874,177
284,583
93,518
490,865
371,209
280,432
381,953
115,236
994,736
826,234
767,345
87,723
42,719
892,109
529,767
574,530
994,578
905,14
462,88
774,621
530,156
686,204
98,738
107,512
595,503
120,843
123,740
675,149
67,714
818,816
51,196
371,755
147,593
749,860
117,419
512,306
815,145
598,336
15,67
205,799
141,30
22,755
372,444
669,518
182,89
187,298
322,458
813,589
105,809
295,858
658,167
799,725
51,664
386,535
163,17
186,52
324,959
890,671
184,462
888,185
928,778
864,492
535,17
109,351
488,672
997,214
867,614
907,750
38,206
515,720
521,281
113,817
650,619
508,73
883,674
135,559
228,671
86,814
760,536
599,370
338,944
455,589
123,610
521,63
335,33
351,108
777,585
792,776
566,62
914,272
747,312
406,863
655,851
655,298
369,392
945,508
317,387
464,702
129,390
252,954
502,403
586,791
192,156
381,944
264,808
791,527
14,157
879,305
156,326
420,817
931,392
262,678
984,97
470,187
730,841
433,378
207,952
647,705
483,790
443,320
371,341
168,28
43,595
981,691
585,609
559,963
673,175
335,84
323,557
728,21
643,180
797,443
358,350
263,39
87,775
752,361
637,537
641,114
744,36
888,693
849,472
935,517
998,290
403,899
765,358
575,279
630,304
383,22
797,757
485,0
941,783
918,406
736,878
600,628
390,856
212,407
93,795
22,306
684,307
854,831
591,68
181,768
271,905
739,186
589,830
298,240
403,521
617,582
923,774
127,411
544,146
720,424
750,419
340,706
810,584
142,755
312,359
886,473
225,537
697,338
728,585
560,51
741,803
560,575
618,68
921,791
875,962
414,395
866,309
908,141
452,413
413,974
633,692
117,245
954,47
525,651
974,712
960,310
929,854
630,177
220,742
517,261
983,86
117,574
589,517
498,894
520,838
202,886
988,433
842,743
532,124
779,528
326,739
669,172
785,695
976,399
854,208
716,238
761,22
116,585
762,306
961,856
491,537
310,29
396,685
518,830
627,731
473,121
630,417
508,86
82,933
128,78
577,827
7,728
675,721
778,273
830,201
281,638
726,441
990,996
329,324
612,440
456,469
84,561
577,427
4,696
740,380
252,736
244,94
612,625
884,508
853,989
884,335
47,81
634,707
294,877
165,774
437,884
679,734
401,810
432,709
74,118
821,333
322,111
777,850
175,583
669,106
863,987
16,37
722,68
167,84
492,881
332,421
989,28
330,372
520,324
35,699
701,195
409,979
954,887
371,309
655,45
823,797
801,693
7,164
597,794
81,109
531,204
912,83
48,954
620,484
933,711
517,137
595,341
669,312
902,169
330,673
664,897
521,646
189,820
457,95
39,378
907,27
669,635
347,585
920,506
627,286
819,748
170,262
194,806
70,551
362,886
955,453
492,938
758,689
158,612
521,322
256,59
123,579
857,372
326,187
500,349
554,24
383,292
372,631
811,184
62,593
130,500
978,487
392,189
467,372
301,442
846,248
570,503
301,178
723,710
594,63
795,793
93,760
534,877
801,339
537,158
398,982
174,648
258,258
725,754
639,35
726,974
685,224
186,568
364,235
722,693
322,405
532,116
408,350
987,242
788,625
203,928
628,605
108,998
43,417
338,248
570,725
875,799
96,425
359,488
939,22
262,155
878,697
263,651
161,372
158,560
985,193
41,925
546,463
993,784
769,240
999,826
102,787
790,80
380,159
700,665
248,567
642,741
32,753
815,182
546,703
726,995
544,654
328,928
472,984
105,887
841,254
205,511
315,882
613,564
171,930
160,300
163,930
888,837
120,708
304,844
24,517
677,687
558,494
229,785
48,48
947,890
556,208
466,712
276,252
211,171
902,193
388,347
779,723
691,581
542,779
227,659
505,510
862,275
188,406
541,230
522,684
9,470
997,366
233,155
822,974
665,473
126,977
750,365
267,53
822,200
708,689
706,151
545,652
111,617
699,801
479,956
379,73
284,163
158,651
381,192
491,514
499,684
250,182
128,538
493,642
620,903
559,106
838,522
775,873
139,666
262,625
808,308
393,156
255,767
717,537
341,55
793,836
176,930
57,601
764,568
522,2
120,365
600,87
509,943
989,851
97,886
336,760
430,346
855,957
731,325
840,732
93,948
852,537
266,340
444,605
156,470
883,143
192,291
830,313
335,256
177,450
102,893
363,497
129,930
192,817
774,117
588,616
549,787
13,21
617,455
298,587
743,805
92,216
890,38
148,747
293,712
933,112
812,471
451,553
569,118
411,457
719,317
66,974
227,548
82,441
764,264
611,226
870,728
230,876
483,942
253,283
233,501
97,428
711,969
279,429
689,585
457,104
652,440
851,307
503,445
651,480
183,48
241,245
274,811
881,223
633,88
929,185
937,593
864,366
882,995
861,600
896,189
263,881
411,331
397,39
594,776
918,89
433,660
282,182
730,299
220,597
411,752
897,203
744,892
526,842
333,177
27,912
861,886
805,584
204,909
230,354
343,905
20,104
185,78
326,730
518,52
25,721
60,714
980,914
383,722
413,902
227,13
991,572
897,332
412,585
773,393
248,336
82,981
604,539
462,447
268,240
428,706
767,298
453,618
757,663
650,170
941,262
240,965
314,796
754,765
598,457
265,286
675,682
833,857
863,99
182,179
420,455
435,791
676,497
675,261
946,941
33,918
332,971
0,516
424,597
115,428
326,924
472,590
86,211
204,158
111,85
63,12
878,425
848,554
271,158
814,467
927,634
670,420
210,956
808,39
11,247
466,747
30,719
823,646
241,12
619,691
34,553
225,798
256,921
276,729
214,865
816,570
572,17
484,188
776,608
983,903
874,443
890,33
616,389
692,517
398,903
195,252
812,178
186,908
213,50
3,702
634,690
147,247
901,286
341,752
149,835
197,804
508,394
949,542
273,426
898,951
888,953
775,907
788,658
165,761
872,641
555,930
903,388
149,555
298,278
359,238
813,431
147,826
631,38
172,800
756,844
110,431
832,371
602,483
94,845
98,301
110,952
255,527
701,108
209,196
690,651
758,570
563,687
769,866
312,814
764,952
44,330
343,508
582,346
311,91
909,430
355,540
122,652
718,329
853,544
706,963
359,170
256,576
812,633
807,783
833,182
24,377
159,465
515,16
136,298
663,159
721,204
397,463
935,972
388,579
395,935
123,270
187,605
601,11
284,588
542,372
637,746
653,200
204,814
441,703
772,198
440,297
913,421
124,252
860,996
159,473
448,382
685,606
11,710
480,111
755,211
94,801
924,975
924,132
695,497
651,583
157,160
990,871
841,539
226,555
847,548
552,64
598,156
414,987
251,373
534,827
68,417
248,271
378,144
301,177
312,37
272,750
499,850
430,658
928,725
913,389
14,431
447,513
606,87
574,297
383,800
426,74
62,808
608,536
712,197
805,156
993,375
364,25
978,653
329,480
622,457
857,520
665,897
433,877
466,952
637,753
198,522
286,312
365,225
901,784
369,832
645,753
182,345
355,648
187,690
386,74
739,713
121,713
913,835
525,850
466,564
215,749
48,977
82,516
250,649
797,346
645,587
883,152
659,424
404,620
517,817
23,796
688,980
724,698
228,510
84,174
662,90
380,463
860,140
555,717
370,498
831,988
539,299
980,598
398,865
787,137
431,244
339,249
83,605
683,193
537,101
884,669
534,98
280,588
361,989
411,486
866,152
139,63
800,164
399,656
30,460
479,319
588,433
367,396
627,222
127,657
373,629
9,332
562,293
452,557
139,400
664,340
763,660
802,809
553,566
368,90
665,468
432,938
508,95
385,732
171,239
67,166
792,469
739,197
543,786
318,753
244,327
410,930
72,987
27,559
894,720
453,411
14,659
861,816
653,345
842,520
400,950
401,87
540,600
806,32
943,0
94,166
443,389
946,578
598,826
683,634
466,315
403,619
14,965
874,519
632,875
900,932
591,974
489,774
654,232
318,53
755,346
826,345
939,403
399,826
967,968
378,112
725,55
456,760
663,608
899,666
324,511
2,842
182,767
245,780
80,594
847,633
98,497
125,479
945,537
153,262
688,664
886,254
149,426
599,481
510,137
598,875
346,580
419,201
535,145
694,235
866,621
860,619
884,142
931,620
86,133
184,165
597,342
326,956
975,952
755,618
992,447
446,877
210,389
410,522
222,339
801,40
539,140
182,93
765,777
930,756
304,678
197,466
621,896
266,947
66,582
769,86
16,654
167,675
513,480
512,824
923,400
193,103
328,316
568,212
735,937
205,879
918,361
239,392
99,505
986,914
765,144
732,15
807,507
109,681
42,437
355,970
2,552
24,646
660,420
11,610
399,233
631,267
83,221
404,42
984,351
256,561
426,466
423,676
982,355
321,995
101,403
214,486
155,777
891,246
284,61
26,553
177,721
549,143
479,227
979,574
941,979
562,270
295,366
205,728
761,818
653,680
690,680
479,302
684,316
289,727
411,47
239,532
568,310
65,780
30,298
262,783
364,930
666,558
931,705
409,55
875,544
359,802
855,241
909,841
598,484
454,563
991,9
148,398
738,420
333,93
977,981
106,168
822,600
258,280
389,793
199,493
771,926
477,548
312,192
262,875
451,51
172,813
61,935
435,703
625,313
134,317
33,695
791,219
855,858
779,127
375,558
356,354
801,987
607,131
899,417
561,232
912,869
186,747
909,269
669,731
222,199
688,945
492,695
689,414
656,989
572,189
444,280
21,668
547,664
857,92
734,10
508,85
720,395
159,312
698,327
560,412
186,702
768,111
591,335
388,923
790,150
976,247
240,710
524,368
388,907
97,259
16,733
46,16
967,2
743,635
112,582
269,40
633,291
582,654
285,5
457,798
551,443
266,989
987,602
767,668
936,468
81,813
930,573
610,406
587,636
288,471
502,317
314,295
304,440
585,309
349,962
71,228
735,513
103,874
933,74
170,620
919,410
652,363
963,406
646,481
19,805
179,925
634,18
787,850
651,181
988,89
720,600
677,395
634,534
80,797
469,438
272,852
911,837
523,928
592,338
535,811
284,35
23,240
557,570
297,593
977,452
655,336
357,182
2,557
803,162
157,230
109,910
966,334
603,340
886,414
737,768
368,838
933,543
608,862
118,51
632,273
835,838
703,91
150,791
159,901
310,257
534,481
928,327
730,745
302,578
68,647
878,246
20,49
861,289
110,401
819,24
162,526
149,965
259,56
219,502
861,915
798,983
461,515
235,912
895,58
955,88
885,741
23,136
920,633
520,178
212,151
916,614
290,163
94,545
743,978
495,32
580,493
684,453
735,7
980,28
411,480
982,16
127,38
830,961
997,669
172,631
622,188
598,259
397,314
778,404
714,886
597,556
623,980
239,980
14,380
296,718
328,898
774,24
868,296
365,692
768,501
130,195
474,266
430,580
42,598
581,669
4,622
761,524
408,757
816,463
532,277
623,735
382,546
969,359
943,430
11,921
400,434
352,639
712,384
353,812
198,630
763,968
103,85
960,924
776,169
355,986
766,668
489,478
45,18
737,160
307,668
333,971
956,82
589,369
913,684
1,261
245,217
669,396
549,652
1,701
894,628
57,380
828,3
781,777
972,49
589,588
659,761
294,770
301,68
867,52
919,835
119,966
252,596
470,848
129,689
119,923
101,264
720,653
483,331
924,330
425,677
307,134
295,88
373,322
866,958
690,465
878,981
192,847
989,271
216,642
231,484
157,143
31,610
769,920
640,502
800,435
32,195
940,997
867,601
219,524
252,624
420,471
414,361
629,489
869,691
561,979
995,921
144,50
731,762
330,662
892,737
141,274
207,991
564,985
37,130
970,707
819,402
839,993
998,552
401,260
652,796
646,601
408,450
241,985
37,541
520,719
607,152
980,114
987,191
217,349
893,792
760,659
761,430
387,642
262,716
374,517
770,776
802,96
245,104
641,175
965,726
637,230
872,470
737,618
852,29
220,602
190,244
609,120
821,893
944,781
676,975
992,505
733,590
911,867
238,920
82,267
507,599
304,648
692,172
738,937
755,43
190,324
152,901
246,654
290,282
174,613
847,255
248,334
472,885
674,291
84,601
586,428
857,796
134,520
625,195
235,218
894,320
252,552
959,881
631,767
666,820
187,297
473,748
896,528
610,271
737,996
456,51
968,919
405,202
956,736
291,788
800,509
289,968
859,612
162,262
895,681
299,891
622,961
439,731
888,555
8,639
906,763
111,170
568,462
822,714
967,66
48,579
921,150
691,475
471,897
834,661
539,977
81,20
870,55
507,689
290,752
784,742
466,452
287,439
750,935
591,769
15,456
453,650
688,424
11,718
982,800
84,227
133,157
372,353
714,140
252,241
439,833
221,113
779,812
261,513
713,190
902,571
619,630
45,758
721,307
642,249
551,205
279,941
40,927
288,625
134,490
384,631
581,676
231,633
55,371
238,326
593,697
345,195
506,913
791,498
366,955
463,228
787,801
232,110
26,809
662,768
692,679
250,954
640,559
542,762
962,982
598,328
541,946
650,577
823,369
419,218
208,598
802,299
331,236
461,996
115,343
841,153
399,719
846,932
335,673
542,420
211,680
897,726
497,231
830,742
897,684
458,69
77,773
998,80
31,114
897,158
69,493
948,514
327,822
221,661
438,44
662,687
821,130
870,160
338,297
311,705
682,551
571,555
421,574
600,428
707,377
136,203
819,224
63,216
830,680
667,148
774,880
599,473
463,632
667,673
641,584
229,454
755,13
327,300
340,373
376,351
326,509
179,398
752,350
128,396
496,326
223,329
207,459
14,855
120,640
443,809
774,231
287,22
931,673
864,100
256,228
547,757
780,144
203,298
473,48
435,810
984,621
285,884
472,194
571,387
557,197
302,711
210,77
323,737
580,114
561,794
608,427
236,896
317,310
682,93
628,600
206,203
913,676
319,393
980,353
220,192
856,163
654,913
145,730
901,880
526,184
230,856
142,325
338,483
228,43
544,553
972,520
60,572
246,765
162,737
492,847
172,152
667,168
870,702
428,293
36,797
6,957
164,41
945,548
517,366
452,789
275,200
590,353
259,438
183,802
860,753
324,867
348,955
390,551
13,640
641,377
569,946
989,792
737,457
610,661
645,381
794,569
608,850
862,152
447,814
120,20
50,175
975,587
70,466
538,435
869,953
74,912
558,772
580,679
132,461
940,417
574,144
656,934
704,855
472,570
667,167
908,795
859,706
440,481
608,870
322,478
649,974
917,760
461,726
143,474
968,297
426,970
133,247
992,340
35,239
363,420
985,25
581,84
955,38
577,543
291,966
465,216
770,271
804,114
186,34
410,53
933,849
378,603
207,726
657,929
943,228
679,769
542,985
268,600
35,63
498,926
673,385
35,517
34,194
634,268
436,868
448,848
593,823
49,931
423,868
762,365
687,739
636,214
238,754
750,933
570,518
386,860
738,995
674,604
328,7
196,607
944,807
354,866
147,814
384,817
701,819
184,156
265,302
778,402
206,827
491,181
953,512
122,267
417,951
172,357
543,441
248,568
857,868
169,56
392,255
275,839
244,477
868,507
824,961
327,528
645,21
390,121
472,49
577,115
431,464
323,964
119,487
960,175
238,426
846,706
16,119
860,557
565,542
35,829
824,598
317,464
122,242
138,6
940,25
18,999
778,767
927,277
936,436
123,758
823,112
597,826
654,951
100,132
726,686
732,636
870,370
884,68
355,211
521,560
472,400
212,200
567,674
959,213
728,256
107,849
320,788
522,83
617,785
334,281
446,518
36,393
780,345
541,887
754,221
769,370
529,831
361,426
517,185
913,13
722,832
605,976
801,500
980,996
119,253
755,889
787,532
379,226
633,35
623,455
781,533
394,789
507,801
497,916
925,593
543,865
710,648
429,681
275,537
508,307
608,375
57,633
494,40
908,360
149,656
737,862
987,615
999,584
772,425
622,773
154,311
75,355
867,976
837,682
390,101
635,207
283,707
112,568
467,497
733,584
275,17
598,206
662,702
322,184
258,683
738,47
552,938
730,916
678,186
188,108
654,382
346,59
224,767
535,446
519,794
207,138
662,467
813,268
768,133
123,373
700,685
537,600
460,864
90,285
605,903
556,177
649,939
416,165
601,419
885,590
635,104
454,87
913,351
912,328
3,408
970,925
587,120
264,739
21,781
66,188
977,676
717,652
348,18
142,36
157,690
994,32
107,782
102,380
927,668
836,719
896,72
427,289
657,286
339,154
846,195
202,992
421,517
104,296
701,459
996,872
517,406
97,108
512,380
106,515
740,928
419,920
399,761
723,271
358,994
918,119
220,413
488,760
301,160
779,632
194,959
70,570
713,9
334,738
925,69
897,73
179,96
156,409
257,805
145,931
951,209
953,677
949,528
909,949
450,573
557,808
50,587
630,587
848,475
52,931
747,42
189,605
56,706
295,709
322,386
580,784
257,307
649,675
77,475
898,475
501,417
521,49
653,275
999,362
108,898
380,260
8,508
189,700
269,336
248,830
5,795
981,389
28,514
224,596
813,70
895,947
675,983
549,850
776,989
398,904
342,797
612,713
127,785
768,286
749,187
660,111
138,666
806,164
479,680
104,623
780,999
349,858
647,136
766,177
526,149
201,987
965,946
572,491
330,293
830,145
20,366
102,258
580,342
484,706
521,185
902,507
379,2
53,171
72,863
919,917
876,270
958,226
647,124
593,213
429,519
342,128
321,758
950,295
448,238
375,929
406,171
36,486
453,359
474,457
126,257
567,577
20,498
766,305
957,221
728,817
754,783
422,646
917,592
808,487
407,946
483,75
154,773
352,731
990,292
91,130
796,226
247,33
507,681
883,22
41,282
108,826
832,724
516,868
791,67
761,93
893,318
412,570
318,165
630,705
802,599
855,950
886,547
655,330
762,989
444,971
367,615
885,153
972,398
706,510
715,217
453,445
192,179
456,104
313,557
108,476
309,112
537,872
314,578
883,122
806,485
420,430
923,183
987,96
352,568
680,352
689,790
342,823
998,611
116,617
153,602
111,462
941,995
935,266
817,420
969,435
364,972
904,278
389,831
411,747
91,65
497,794
721,338
771,325
548,872
312,71
337,945
28,878
362,587
808,284
743,33
192,669
346,788
202,794
835,438
875,45
998,6
707,410
76,5
235,953
194,141
708,67
672,935
416,170
1,16
504,277
75,871
459,232
679,560
858,183
942,175
477,299
427,445
579,750
933,1
60,444
407,588
88,934
824,717
466,412
822,942
31,925
170,304
512,552
948,334
296,919
178,266
38,705
113,232
367,975
957,22
139,944
555,960
33,704
279,679
879,890
149,122
893,779
59,149
626,478
739,202
541,668
324,6
714,664
470,27
873,904
16,63
191,588
845,240
345,690
710,335
201,578
427,665
424,38
129,325
951,450
715,388
288,766
627,230
721,743
263,599
461,95
844,685
418,909
120,50
292,445
601,816
553,30
921,565
678,53
799,195
15,772
760,373
47,702
434,890
671,147
284,112
703,99
245,157
65,728
896,583
133,489
987,159
577,347
659,389
767,801
751,958
841,335
4,104
948,772
745,550
804,979
142,921
769,260
85,707
502,874
538,442
154,700
329,113
522,86
287,917
302,584
292,935
997,68
130,968
973,116
362,282
420,612
270,685
447,707
39,45
785,748
469,345
161,524
924,145
271,922
753,290
391,854
539,315
535,160
618,602
480,115
697,315
585,120
967,202
537,585
758,263
390,376
756,987
216,608
222,117
756,539
153,205
365,512
708,15
955,67
892,199
109,558
561,632
907,418
81,41
707,64
716,815
488,10
612,819
783,657
180,470
358,781
582,597
552,905
664,789
685,279
764,772
855,532
234,403
946,124
984,851
155,616
183,471
236,431
570,23
637,808
941,15
822,319
479,784
702,19
973,114
635,292
942,15
632,969
664,310
294,103
942,353
626,499
572,868
957,744
927,451
383,70
64,152
455,64
109,5
710,106
660,529
840,814
940,580
916,641
465,460
395,532
236,225
558,882
525,910
378,626
675,806
278,541
90,644
309,675
106,969
781,601
827,961
811,394
848,467
437,214
962,729
772,73
360,716
687,256
344,62
174,70
149,11
151,905
857,694
325,567
824,123
872,335
218,327
364,927
175,519
186,834
272,811
685,610
338,231
197,815
186,746
687,814
680,596
347,270
552,565
488,821
576,477
834,434
131,428
710,971
849,984
380,522
188,364
571,760
420,301
640,165
351,397
505,527
42,491
463,849
65,429
832,627
502,747
339,704
531,355
894,408
50,347
201,625
75,596
83,980
474,980
914,529
860,276
522,356
711,838
893,483
866,288
319,904
596,880
898,675
431,605
293,42
50,521
277,73
677,397
526,124
761,662
235,296
798,55
121,57
776,50
825,121
193,917
190,921
313,18
331,973
942,954
81,852
684,142
503,153
981,317
483,722
464,998
750,665
479,871
275,546
757,218
792,842
118,82
362,733
926,96
140,416
379,77
143,918
885,803
271,350
914,275
92,334
629,209
990,561
432,956
915,622
772,810
977,359
612,697
285,723
360,256
46,774
48,68
962,708
770,821
943,337
962,3
769,854
392,325
771,634
672,124
680,813
462,309
537,887
599,419
187,215
569,662
876,290
529,996
69,324
840,467
355,325
472,978
976,46
164,847
301,35
327,242
877,946
53,637
308,81
709,240
522,635
623,145
195,113
326,384
622,101
798,135
776,975
747,706
406,427
30,808
186,827
681,954
269,897
870,925
476,140
90,868
259,126
307,264
497,49
513,36
137,985
240,490
654,804
542,628
733,919
29,802
487,491
610,82
41,136
666,876
83,975
511,242
93,357
298,616
251,685
395,636
317,507
386,251
529,771
928,870
19,427
703,570
123,957
411,837
595,125
849,793
644,102
469,852
416,397
883,453
899,244
980,426
851,629
592,261
724,231
811,98
564,410
845,604
328,167
623,471
228,82
227,230
950,214
32,888
692,887
451,684
316,222
645,561
312,584
962,694
64,518
415,637
911,590
996,474
985,621
136,460
30,124
56,633
88,609
539,211
348,784
744,722
446,799
320,639
0,303
999,582
160,651
495,11
439,977
586,671
37,226
542,313
112,720
437,503
676,252
736,451
404,400
670,532
897,661
132,915
438,912
597,182
791,980
544,256
92,836
1,427
402,457
352,592
366,968
776,398
662,723
844,755
426,83
834,284
969,51
319,174
339,346
590,939
472,924
385,779
666,756
570,988
341,550
223,166
900,858
12,590
201,617
220,57
212,670
517,300
648,651
618,299
708,716
332,466
420,616
362,930
861,165
364,344
98,784
136,232
953,10
89,881
906,979
683,153
382,711
628,833
470,621
305,63
212,912
243,89
403,508
156,133
888,727
779,424
405,116
994,194
578,315
422,888
708,279
66,295
46,489
565,839
223,163
336,310
121,397
170,718
493,227
924,824
78,249
601,293
424,479
12,606
352,499
512,217
588,189
849,80
922,917
404,533
712,735
436,870
763,237
183,497
245,913
758,942
791,249
221,868
258,403
182,693
660,512
575,647
462,316
224,370
763,414
593,494
580,76
756,445
54,311
895,857
628,902
384,436
225,574
413,141
539,240
446,115
189,381
97,803
738,661
691,56
957,645
983,546
994,341
382,224
193,953
837,680
675,188
975,443
693,866
187,955
133,181
656,74
999,575
309,947
218,34
458,978
532,930
129,345
152,815
599,921
320,875
493,724
891,341
461,958
215,781
485,374
668,98
302,636
661,260
958,437
159,293
392,88
454,412
786,154
875,272
13,136
947,81
427,216
125,44
603,304
642,885
312,311
480,108
256,3
183,590
407,426
752,288
945,688
162,574
469,95
392,353
129,941
235,124
864,307
387,370
814,836
268,619
56,143
442,487
453,633
670,878
427,477
611,601
20,936
65,776
580,211
400,783
340,641
146,913
159,304
395,977
511,946
304,318
56,667
648,440
928,52
578,93
666,886
377,243
447,23
622,579
207,177
227,356
22,54
572,285
271,765
154,849
601,777
225,478
872,373
865,435
615,891
986,413
696,763
999,754
640,148
304,511
362,372
171,450
156,305
786,360
486,592
306,102
323,16
645,318
835,382
591,697
942,846
186,783
536,317
326,958
629,156
33,44
229,321
949,163
596,769
762,909
494,533
71,741
251,484
448,317
961,590
139,622
687,78
557,516
276,530
20,324
991,118
899,807
867,260
653,660
311,387
264,343
650,129
883,60
868,958
914,54
545,156
351,349
823,605
704,339
24,700
321,33
784,569
822,950
34,769
913,245
9,155
151,673
798,507
27,379
636,974
390,705
625,477
601,518
774,909
618,637
947,451
389,330
472,406
802,622
936,383
721,276
350,219
395,364
72,902
889,245
766,71
467,337
301,913
661,904
835,308
95,549
551,864
345,472
854,15
794,923
331,77
209,490
818,10
509,961
718,370
797,538
242,13
285,982
48,92
570,250
200,107
712,33
203,222
559,939
523,221
437,507
984,74
920,833
118,577
261,606
696,165
625,84
595,572
89,292
991,113
934,142
738,134
115,79
138,942
537,769
492,607
893,73
525,182
63,27
625,971
414,40
244,886
265,108
107,407
505,725
987,973
1,632
205,427
648,548
730,77
349,135
830,397
271,888
527,665
567,419
808,465
310,804
837,772
710,910
638,405
741,479
798,880
226,314
430,230
632,78
859,602
697,481
570,30
891,196
314,679
867,656
742,259
993,415
458,861
508,367
929,128
39,195
738,928
919,515
829,605
420,711
259,986
737,80
984,170
968,302
83,224
693,636
195,428
865,20
283,749
967,248
180,111
409,211
653,751
788,385
31,68
703,336
288,218
149,125
363,767
182,8
19,367
991,961
353,67
985,836
140,518
788,687
90,815
873,153
257,359
926,270
883,666
211,663
480,813
160,829
797,236
888,66
625,905
409,592
950,769
139,124
948,463
994,726
612,120
25,479
380,665
531,665
623,729
20,589
883,352
936,42
386,785
935,777
329,251
257,554
669,611
218,807
109,2
187,660
349,93
813,721
499,689
19,924
667,40
463,667
6,168
514,369
762,139
577,155
770,41
25,996
665,802
659,888
77,3
360,835
31,675
992,288
675,59
681,95
170,564
568,554
298,402
852,574
171,467
145,510
657,400
513,40
521,969
534,963
998,71
699,228
194,660
519,418
488,481
356,869
855,135
297,274
178,631
139,669
833,16
409,872
938,264
578,281
816,223
542,556
810,639
865,29
759,267
386,454
953,688
653,159
791,39
616,260
212,898
958,108
322,429
143,254
560,866
260,984
267,359
910,542
740,519
701,829
436,17
579,946
561,859
770,54
932,353
692,430
831,891
19,95
453,553
915,955
471,438
372,948
659,206
971,138
887,753
622,352
214,425
134,747
653,134
585,538
173,448
868,817
106,922
94,532
475,116
99,836
585,19
451,161
118,952
145,957
458,444
7,737
235,671
461,733
984,69
592,400
922,128
723,949
15,969
53,719
698,115
384,160
775,400
310,165
693,862
933,159
529,881
40,822
991,28
251,4
102,982
813,515
350,624
99,856
281,196
603,986
702,320
279,802
886,729
604,144
110,570
165,708
348,151
357,438
36,547
119,899
712,834
702,722
848,209
389,45
255,81
692,73
833,276
716,236
707,63
106,176
491,424
257,927
891,453
256,763
87,966
491,492
714,662
201,226
132,454
750,906
174,687
915,21
764,559
392,868
754,860
117,170
60,629
659,349
151,613
757,248
403,119
979,349
598,285
41,497
389,23
458,899
361,289
479,124
198,748
10,434
422,568
35,425
129,340
12,779
807,954
180,788
654,299
584,965
387,328
518,929
127,308
205,296
757,932
910,788
535,676
810,513
231,970
667,637
693,205
363,234
267,382
299,791
758,563
506,896
609,840
411,174
372,149
165,450
228,720
477,661
842,539
56,948
226,19
459,332
249,933
103,704
228,641
575,208
867,93
451,822
986,87
781,939
742,679
71,749
30,477
441,879
597,677
66,614
133,528
133,463
719,689
194,246
909,448
82,996
778,534
25,785
462,214
322,108
219,954
137,455
62,21
176,949
13,535
157,514
138,2
801,782
731,115
9,911
244,107
594,754
510,330
943,641
889,524
449,82
474,800
501,570
504,348
598,608
30,54
241,203
297,312
246,214
325,81
260,503
909,581
294,520
553,9
313,918
401,290
551,110
776,76
24,968
811,68
109,732
80,734
134,890
852,122
137,612
437,770
21,55
189,156
952,170
872,400
400,893
209,832
676,148
902,477
866,803
417,389
88,699
874,265
758,668
310,490
505,343
292,277
718,996
969,260
747,783
412,743
388,97
339,577
127,623
32,365
672,142
198,422
112,154
534,169
12,233
396,950
886,349
723,577
708,697
516,578
757,876
676,472
152,725
849,935
304,306
336,776
425,81
397,91
998,502
648,903
917,221
793,134
877,470
84,660
935,102
828,22
503,868
290,382
575,146
684,221
894,756
935,179
268,449
962,263
601,410
352,276
689,207
439,459
685,651
951,356
25,630
349,972
23,614
606,42
879,782
962,290
927,226
936,800
706,634
773,905
440,273
14,661
676,466
348,922
379,17
206,870
553,492
591,623
938,864
296,246
320,230
742,838
626,916
196,938
767,331
40,913
268,308
70,350
189,552
312,13
877,350
259,907
92,660
702,190
185,239
235,690
696,251
920,359
832,5
828,777
394,88
590,842
519,113
599,536
502,480
359,192
140,675
696,301
813,510
993,822
699,122
680,450
530,902
396,850
48,742
725,338
537,8
98,640
739,951
235,686
491,417
70,381
251,439
81,318
742,977
172,0
800,117
799,263
212,514
558,402
152,462
893,144
368,521
639,397
179,13
524,518
160,339
563,308
872,416
204,756
588,949
84,554
233,159
747,129
774,327
205,84
873,121
941,230
364,72
801,567
382,745
582,412
893,968
32,964
565,366
660,651
79,541
227,19
716,875
532,837
993,318
982,210
848,758
504,837
703,637
123,84
368,162
918,77
68,717
899,85
183,124
580,745
285,770
762,15
436,847
427,688
471,902
872,708
904,209
175,132
83,202
676,818
109,453
983,362
122,324
540,999
978,748
399,82
792,895
165,64
65,565
468,92
579,546
931,63
159,581
603,58
418,384
827,573
423,260
573,398
843,574
198,413
815,32
122,310
952,878
497,893
864,862
59,27
687,547
398,924
797,815
71,418
1,647
939,911
488,249
106,347
134,606
21,184
612,814
212,39
348,219
207,944
549,126
553,510
149,994
97,435
571,603
819,263
268,113
8,803
25,207
13,823
894,617
273,202
783,319
136,81
91,833
605,881
595,454
714,784
289,713
152,127
565,983
423,173
477,236
382,413
899,230
28,980
120,322
959,367
841,349
290,865
313,384
325,65
446,541
937,802
241,864
544,125
675,467
594,873
951,49
208,16
233,637
516,41
410,60
389,503
943,672
632,936
490,566
206,437
377,20
391,518
987,500
532,164
855,956
539,880
903,774
173,484
225,887
988,608
150,249
472,693
561,146
289,878
572,568
286,771
199,40
859,27
860,696
498,992
449,77
6,724
531,900
408,411
18,172
911,711
385,606
274,293
115,115
615,306
22,465
73,74
565,654
907,208
712,34
200,602
370,469
239,151
783,205
63,134
709,360
291,737
29,785
34,923
302,516
912,941
451,237
265,723
799,749
864,371
8,353
698,211
91,12
117,403
349,386
957,389
544,744
335,976
174,71
665,757
840,725
878,511
154,786
446,790
938,773
505,948
569,413
405,106
713,5
772,959
52,213
499,28
137,73
286,541
162,21
742,269
146,315
154,965
876,675
771,357
345,372
531,713
767,62
232,396
715,931
434,882
758,173
162,764
594,73
751,593
752,290
3,49
891,881
321,47
666,414
517,376
291,608
180,477
212,808
100,327
390,200
107,915
386,433
215,31
594,896
267,545
935,78
895,940
229,248
235,97
905,262
105,832
141,188
327,807
760,636
367,882
154,961
513,543
967,304
404,27
384,951
325,934
390,483
571,84
691,608
444,20
683,803
641,193
283,472
292,23
948,149
399,963
780,98
152,883
83,774
994,688
945,576
30,7
736,936
155,82
214,401
681,326
593,675
36,193
662,322
624,159
359,926
835,993
851,157
966,669
431,801
121,172
50,904
760,959
583,145
836,393
966,783
401,823
958,656
408,827
855,481
617,870
178,727
103,299
146,706
890,546
86,842
549,402
274,160
92,176
198,509
494,249
294,784
311,663
196,355
244,745
329,154
400,857
276,150
792,184
643,609
976,51
501,678
22,744
949,430
650,103
50,49
625,186
924,81
753,875
822,187
589,475
445,863
18,413
18,844
6,150
596,465
583,766
282,725
436,718
242,659
118,796
3,187
393,557
27,133
39,303
54,307
336,955
173,297
419,659
172,864
768,995
839,430
570,680
452,86
176,609
596,367
947,161
314,741
929,755
196,536
295,822
823,933
637,762
712,420
536,661
875,461
127,285
637,436
249,754
392,885
574,752
427,329
553,763
946,80
295,292
168,435
140,47
856,695
888,916
152,313
517,56
21,631
693,758
566,927
876,414
474,62
660,483
537,463
700,608
494,62
114,190
108,916
363,195
334,904
626,664
121,479
935,609
169,366
67,281
509,701
93,172
54,441
755,72
81,486
883,596
995,120
681,405
755,56
398,408
83,657
41,484
735,243
542,215
678,37
641,323
236,411
504,165
877,562
430,404
741,47
378,764
856,499
695,252
510,123
797,546
31,759
1,130
862,114
42,471
748,260
55,194
486,198
612,873
239,498
211,771
849,8
269,536
456,100
963,727
450,512
773,46
681,47
454,895
718,828
669,805
999,174
564,574
795,313
222,907
584,141
893,905
549,212
673,512
627,174
374,125
938,774
628,439
864,580
176,299
151,779
738,74
190,131
155,221
998,800
995,241
974,373
178,223
871,623
826,490
102,578
728,443
976,147
564,11
38,430
456,992
495,789
390,396
271,24
205,315
681,256
858,496
762,137
544,770
647,546
635,31
206,283
372,82
671,356
509,697
807,828
565,705
363,646
983,822
0,715
361,950
57,703
983,490
178,238
39,196
825,394
792,121
317,892
209,211
549,878
437,67
790,349
975,571
961,948
494,324
227,521
684,795
207,202
130,281
201,342
553,982
849,440
362,169
770,887
317,208
876,11
604,399
836,406
398,276
842,429
249,177
844,550
546,915
728,7
812,251
581,17
177,134
660,733
791,959
516,668
511,577
104,537
129,563
640,636
560,405
23,164
674,547
734,224
196,278
261,213
776,625
18,592
615,592
596,448
462,603
513,566
668,514
209,947
115,548
462,322
500,475
309,127
686,759
939,158
729,718
829,756
871,258
510,394
43,232
390,70
5,807
474,777
712,181
626,277
931,336
99,735
967,454
677,837
670,557
684,877
266,60
197,156
99,441
386,590
599,288
613,135
777,668
816,980
947,924
300,72
709,140
378,140
344,926
86,373
242,743
387,772
499,928
765,614
593,703
144,619
58,141
716,683
456,230
884,130
921,6
962,662
255,770
123,199
105,810
883,625
516,260
738,305
751,737
377,417
87,625
610,4
845,370
195,879
388,736
705,834
988,853
458,799
715,148
665,546
646,127
712,491
740,247
595,515
328,664
120,791
437,274
557,469
755,466
402,608
494,330
47,113
770,478
411,166
418,297
494,191
390,590
195,855
604,801
170,156
596,142
501,234
273,709
533,507
16,374
88,512
71,670
67,168
682,885
886,802
787,898
753,388
270,42
479,106
352,198
225,339
204,304
808,836
993,315
473,609
421,160
921,445
604,366
535,103
396,411
123,381
32,108
815,176
585,718
217,857
124,210
238,138
115,221
221,797
35,36
418,157
851,874
562,188
340,214
31,630
3,688
253,156
752,697
754,973
635,656
628,866
861,821
447,172
802,189
61,506
525,821
253,596
849,324
550,935
695,23
863,358
216,734
823,90
950,549
193,443
397,523
478,296
971,420
151,129
357,607
475,693
658,668
838,384
442,731
275,151
663,114
402,616
431,297
170,253
244,755
693,931
845,906
186,580
747,120
279,89
184,101
714,608
47,237
333,808
125,564
830,839
790,319
154,760
199,944
385,670
576,686
345,668
967,4
141,379
454,107
128,425
722,77
816,540
166,256
69,815
90,244
157,330
239,994
272,787
96,296
382,755
351,979
140,341
700,835
955,312
726,857
721,560
966,896
199,976
667,754
278,81
439,615
722,856
752,993
563,57
836,144
254,500
250,298
624,358
744,864
769,398
482,359
827,389
11,118
167,173
931,44
153,196
606,38
696,690
103,408
513,485
808,54
626,910
591,679
52,360
400,207
825,247
488,349
388,509
364,541
584,708
938,878
715,49
778,963
122,992
284,194
901,855
430,928
473,50
20,736
360,749
452,995
553,738
608,716
548,297
836,333
132,359
93,988
201,421
395,633
171,554
528,765
301,571
195,412
275,682
445,367
875,217
451,810
683,212
147,282
231,400
17,794
86,898
443,157
8,102
883,174
607,977
758,492
293,776
992,539
349,381
789,995
624,47
336,592
737,678
206,320
38,79
615,240
586,506
370,171
784,735
96,557
736,481
732,222
641,861
456,820
763,679
533,805
963,724
658,997
266,562
537,226
809,645
801,928
214,144
433,624
618,398
575,978
14,363
240,930
499,355
341,304
696,914
475,813
728,194
69,197
381,379
945,875
561,711
762,299
968,565
801,467
787,296
450,440
587,253
721,571
877,166
516,57
527,596
389,566
501,255
297,892
569,308
606,647
349,704
646,67
272,577
354,33
134,378
280,318
611,456
29,699
934,804
929,676
274,424
320,801
631,472
643,769
74,815
987,547
225,771
567,936
190,941
147,459
935,412
766,571
632,457
480,233
801,855
507,809
285,666
216,88
530,225
975,704
686,729
15,810
880,252
320,109
179,652
717,95
99,119
322,282
245,675
19,879
332,824
943,424
255,987
730,773
44,514
963,921
698,12
91,204
171,346
584,951
537,19
349,496
549,923
257,117
936,76
270,332
905,284
764,243
856,220
836,580
221,540
322,383
336,520
396,480
518,963
336,737
143,836
994,253
583,623
996,800
109,64
380,451
999,171
254,112
917,258
282,866
530,635
211,876
43,638
246,965
89,485
439,174
60,435
991,475
13,654
682,605
971,630
919,439
661,2
521,759
994,7
701,361
109,700
463,907
962,37
758,70
416,826
970,178
522,176
829,845
424,508
575,470
790,8
154,361
929,110
430,375
781,669
73,482
633,731
675,310
476,744
862,164
991,944
148,734
332,434
301,769
538,398
598,260
790,945
910,282
923,404
656,787
732,452
745,43
371,175
419,210
506,518
872,871
810,267
205,565
314,605
109,704
892,856
548,892
439,454
968,347
963,417
668,548
357,306
769,758
244,304
630,577
280,218
655,340
756,536
850,562
401,2
965,825
534,144
389,969
108,687
563,453
78,784
896,712
49,899
588,695
552,101
415,856
721,190
56,376
993,594
839,279
16,344
118,660
564,195
963,542
348,71
775,182
609,978
405,860
12,123
490,532
689,96
346,875
668,565
803,607
42,985
658,885
387,481
81,635
527,765
681,748
272,339
797,535
836,875
267,812
369,780
601,655
503,33
394,724
120,17
996,866
772,135
226,500
806,83
566,988
513,757
422,151
751,117
876,972
68,347
951,264
453,751
56,317
886,816
541,43
571,735
130,784
830,23
272,844
404,486
974,560
882,478
694,805
503,132
95,117
94,996
445,116
248,903
333,64
953,307
329,754
644,690
938,405
996,517
661,757
823,256
377,686
882,576
504,581
691,169
752,179
846,704
49,419
774,158
764,41
262,219
298,705
231,755
472,329
656,749
178,988
289,500
615,218
134,908
863,126
928,540
75,408
418,165
514,283
472,505
121,490
263,242
494,6
387,276
137,756
912,775
209,326
46,484
931,540
228,194
376,37
310,443
144,365
75,480
850,654
193,234
176,567
325,839
595,366
772,166
988,944
478,990
255,924
603,487
588,184
574,875
472,141
784,459
612,169
832,574
916,760
745,505
36,318
495,444
229,517
726,674
491,379
972,177
270,445
971,98
82,931
17,466
947,731
656,961
120,655
655,403
555,569
410,378
485,638
282,616
655,977
160,451
749,882
541,685
881,453
62,193
818,71
885,932
125,136
107,362
363,770
448,68
955,115
115,602
182,539
261,219
404,571
473,584
699,910
47,776
888,278
674,785
676,279
104,162
616,470
311,792
374,933
45,905
832,720
205,342
600,577
393,398
60,846
198,740
775,734
861,737
409,746
830,409
376,569
670,45
674,470
945,986
998,772
474,815
831,765
149,331
934,102
867,997
806,730
545,786
118,286
789,740
983,383
60,596
600,5
129,420
195,491
676,160
427,714
836,236
650,217
546,305
520,455
590,677
393,704
273,420
543,710
228,75
385,345
507,597
8,898
18,261
708,737
919,59
580,499
826,270
122,421
532,541
159,888
86,431
602,180
167,24
907,671
974,47
697,290
827,509
418,461
827,519
722,656
574,463
595,829
194,469
352,224
857,97
599,90
365,960
29,662
68,502
567,764
612,203
687,58
552,666
86,70
429,784
553,609
607,372
178,488
227,416
547,910
358,254
713,836
778,929
943,53
920,695
516,17
121,398
141,888
886,782
331,8
946,350
392,260
439,914
296,22
939,952
819,40
445,501
128,101
768,350
332,263
377,537
763,244
273,842
721,886
591,876
951,745
102,572
710,435
539,595
967,595
59,669
80,784
837,231
307,244
632,674
28,579
713,579
112,204
258,912
560,780
973,878
177,996
19,679
663,155
298,998
501,269
195,978
287,384
778,475
586,47
536,893
591,932
331,318
113,230
122,316
426,787
284,25
984,505
443,376
458,997
909,204
83,358
138,930
458,63
375,859
441,339
942,627
567,307
0,822
81,926
817,192
989,229
175,464
741,398
850,882
522,353
908,935
497,398
713,691
60,520
72,73
911,515
667,919
530,503
263,985
416,9
731,951
739,547
384,537
728,667
153,153
179,27
273,83
974,493
163,998
798,348
863,631
662,347
685,903
323,122
332,59
847,677
555,547
251,668
683,508
410,329
916,404
538,549
817,677
62,589
947,978
871,781
265,933
688,876
220,172
331,165
330,102
758,733
779,976
250,504
43,996
560,296
975,152
101,870
178,400
117,321
838,219
579,331
236,666
847,359
308,737
193,802
981,176
940,633
543,661
776,319
743,95
398,782
44,91
476,710
765,781
852,616
195,272
383,907
655,361
774,33
154,334
54,695
584,255
130,612
146,323
665,109
666,694
965,488
750,682
861,344
557,465
992,520
161,340
899,980
469,265
482,739
304,566
800,730
419,497
204,676
203,518
440,208
18,503
457,220
813,262
20,182
954,287
26,882
575,687
739,605
36,269
873,452
79,429
468,635
305,8
421,17
603,274
958,83
185,515
883,595
695,14
818,737
726,938
56,954
520,686
369,969
274,494
465,194
66,621
612,304
461,796
905,251
219,265
522,806
696,72
947,190
51,712
503,910
781,875
745,4
104,376
247,143
819,403
202,45
543,183
304,504
311,690
494,696
507,2
96,150
688,420
917,33
999,925
871,525
627,102
24,644
74,16
53,866
847,126
286,549
173,199
206,794
749,767
84,180
562,461
973,118
8,993
99,284
418,932
131,526
848,420
78,519
37,644
702,886
352,683
824,976
288,357
769,945
922,182
491,908
807,154
399,104
25,932
553,227
82,120
700,619
270,469
760,161
629,492
455,493
813,639
249,971
664,971
164,809
985,286
335,607
700,958
915,263
379,678
407,80
852,909
395,726
335,402
602,679
699,225
710,143
177,582
733,643
132,939
220,552
493,944
639,81
95,67
529,415
247,989
838,442
91,206
866,769
628,272
892,955
582,914
132,265
407,48
939,257
387,991
836,224
455,60
963,819
588,198
47,797
98,663
713,858
159,501
803,218
970,119
645,143
647,606
865,862
161,338
93,426
787,0
652,959
230,420
374,27
92,731
955,120
657,665
314,358
562,653
330,718
317,577
860,156
165,492
128,530
734,835
693,512
984,538
804,959
925,250
772,145
593,181
842,4
429,579
799,359
587,408
501,210
846,8
916,711
634,835
409,362
176,631
877,71
559,983
304,316
52,311
464,270
106,859
836,92
400,402
520,890
219,915
597,433
961,155
676,357
518,600
934,177
702,725
819,461
151,168
680,950
244,810
735,247
449,969
495,265
919,205
92,825
221,265
331,195
407,891
101,80
669,765
690,760
897,192
369,612
464,726
997,907
745,944
824,509
216,93
840,532
710,600
630,252
918,930
118,792
267,578
203,851
745,798
839,673
170,994
718,70
324,754
578,290
671,970
728,549
320,912
962,173
539,339
862,191
361,856
710,259
566,541
135,710
249,707
898,331
682,486
782,118
619,752
880,693
786,840
28,736
960,140
617,233
608,958
831,40
686,751
804,661
224,261
476,565
327,14
180,520
414,87
146,239
337,255
420,923
586,407
464,252
435,670
143,766
575,637
437,174
839,296
453,395
769,824
938,199
256,743
791,852
60,612
291,539
651,676
793,282
167,898
512,572
277,50
36,756
12,672
60,196
192,754
948,452
543,80
739,918
294,960
891,374
527,514
321,786
958,470
535,813
361,25
413,324
676,26
424,185
915,239
642,932
657,568
828,732
308,59
564,517
300,958
186,633
411,246
850,524
926,102
625,462
826,187
674,527
420,520
175,848
622,471
18,577
650,75
739,852
824,930
32,586
445,587
666,193
983,38
842,180
215,37
109,582
588,862
34,449
441,805
450,84
78,730
647,96
316,663
787,101
878,754
941,190
769,246
893,605
534,401
362,976
73,709
295,589
102,501
729,516
350,255
174,503
240,995
999,831
736,851
315,903
276,574
50,983
359,776
937,306
551,82
321,311
915,726
819,165
166,638
439,154
810,682
816,885
520,106
952,786
151,199
853,370
137,16
255,339
616,655
845,248
700,753
707,456
491,805
811,311
352,879
566,170
734,309
54,776
504,279
616,110
252,892
322,69
97,776
834,150
924,382
492,143
852,206
46,828
945,534
946,565
379,965
35,621
942,309
38,269
784,97
7,790
152,893
91,209
831,422
644,571
957,511
308,512
916,244
523,675
614,457
360,758
755,691
815,99
404,243
244,743
447,912
810,904
994,139
503,527
748,650
979,372
310,236
62,52
972,304
801,444
420,953
455,414
736,566
179,917
585,945
730,883
506,797
555,476
717,103
879,259
551,231
356,178
865,571
807,244
569,592
629,253
323,802
211,449
295,64
16,705
109,172
485,387
2,896
157,954
138,544
140,572
620,209
761,748
436,264
149,304
838,746
650,888
173,418
234,676
174,666
972,343
28,54
279,481
408,120
389,337
157,715
919,993
861,775
34,501
214,612
423,500
831,580
602,7
543,318
950,122
604,853
593,296
434,306
937,535
708,342
935,709
273,36
151,800
30,245
187,179
366,267
391,128
474,429
172,450
980,157
825,32
496,954
615,282
725,155
541,559
449,912
462,960
260,579
445,129
48,481
848,766
977,761
148,141
179,249
995,213
414,911
598,143
795,409
656,715
862,444
692,376
719,692
667,820
654,476
396,776
952,503
774,873
821,535
796,853
77,273
209,511
256,325
621,233
540,461
545,135
241,610
402,254
688,981
757,0
442,29
332,437
174,286
191,693
610,502
175,200
294,558
105,180
321,439
310,967
183,713
270,975
417,939
706,936
617,783
954,824
433,128
359,209
827,763
465,729
608,232
52,306
377,369
311,309
324,524
531,685
527,965
226,656
215,183
563,15
126,811
804,755
242,856
926,609
132,834
470,662
972,465
150,859
915,837
415,258
999,209
889,242
969,360
901,636
645,374
287,435
995,823
715,176
525,579
580,285
724,502
195,668
252,645
675,822
793,781
719,525
439,88
249,967
126,682
202,406
469,563
711,219
758,659
115,898
452,275
245,152
558,657
394,380
302,212
258,769
49,634
16,100
15,909
558,267
941,842
589,745
498,286
953,560
143,39
619,289
99,353
688,126
883,155
326,432
8,432
852,419
453,867
54,101
381,199
947,48
914,205
135,408
505,48
645,527
492,527
629,829
564,654
621,309
139,384
862,165
939,795
226,546
515,874
161,285
647,477
327,417
996,864
190,62
558,515
419,411
554,747
532,13
479,464
73,487
353,527
28,591
45,507
839,801
615,865
265,353
463,567
177,309
350,550
161,650
942,768
522,646
220,287
378,945
346,847
305,977
794,874
784,918
956,609
464,709
124,215
171,494
282,954
55,250
904,476
801,994
922,482
307,453
761,591
70,885
381,798
798,88
591,318
91,1
194,677
527,566
523,333
684,362
792,316
143,716
358,664
29,437
146,895
301,767
392,403
449,875
878,699
589,857
835,458
483,631
768,967
845,955
544,432
933,856
75,208
106,551
635,981
503,300
159,433
502,316
141,191
319,920
653,754
849,763
626,497
443,18
593,80
693,472
170,132
430,743
884,241
722,871
719,467
722,428
414,615
28,342
69,807
813,762
449,600
951,479
432,487
621,416
651,564
743,521
23,358
89,18
583,9
560,789
129,734
345,739
973,209
149,964
444,863
106,544
589,972
590,149
889,339
691,278
696,666
687,68
995,523
191,167
427,100
731,413
385,664
615,303
547,543
754,45
291,473
355,80
492,614
574,351
416,809
343,717
943,407
268,785
597,873
458,615
759,75
175,610
639,662
118,398
463,689
859,392
54,312
970,716
923,69
135,602
997,550
921,834
24,188
542,982
196,783
775,435
183,398
65,267
50,794
334,496
137,737
24,721
850,385
399,942
788,688
386,877
478,769
651,385
380,428
937,467
999,588
83,312
72,331
535,236
619,430
738,43
516,266
124,260
618,968
220,115
771,169
713,167
990,301
48,599
304,607
484,960
509,61
255,637
986,514
991,172
544,331
856,101
68,242
443,278
9,33
708,490
867,791
431,121
228,995
344,748
111,849
721,335
928,668
362,272
21,613
14,997
497,599
351,547
654,842
521,606
732,878
144,264
27,796
236,845
767,820
15,566
287,673
1,282
182,834
794,308
612,606
982,304
367,454
456,701
746,230
325,204
513,104
202,118
487,719
327,133
799,836
363,619
817,924
886,276
79,97
682,767
983,178
267,584
54,879
275,110
402,638
554,472
606,980
242,927
624,837
142,204
653,126
852,565
487,565
186,878
574,548
18,353
429,959
357,921
942,88
758,932
957,340
658,163
796,39
371,262
292,742
103,982
301,277
775,68
746,846
44,772
297,494
38,537
422,301
816,879
69,659
511,360
842,174
734,594
723,117
596,127
805,184
165,821
563,779
55,994
924,822
612,310
806,41
681,999
730,826
731,283
200,168
77,426
493,506
869,183
254,69
24,694
1,618
633,694
956,878
149,642
393,767
282,639
893,471
189,208
149,567
905,641
617,152
460,434
27,233
300,897
173,971
884,812
97,64
992,106
275,921
285,862
874,336
577,775
671,400
960,228
103,859
643,879
4,648
268,733
474,548
564,307
307,361
985,310
30,34
378,832
62,19
401,821
618,578
20,113
335,263
834,328
438,63
236,98
371,577
166,618
171,285
115,378
557,306
995,611
468,511
582,162
128,331
540,716
906,770
40,53
176,544
74,378
810,28
124,992
510,210
511,687
908,423
964,567
923,721
931,807
142,348
205,52
23,639
742,925
945,712
442,970
586,181
432,919
891,926
692,771
58,75
379,104
29,331
894,750
4,428
139,515
839,985
91,560
352,121
809,451
137,449
598,93
529,189
566,160
720,723
674,65
655,764
850,952
439,29
25,954
661,290
475,213
145,873
92,657
337,112
394,266
194,775
511,533
979,605
708,528
318,977
959,425
100,811
43,988
606,117
204,411
412,162
868,863
68,597
328,718
862,834
558,630
959,848
783,50
546,899
404,818
982,162
954,51
979,33
758,357
603,212
418,463
26,105
135,926
23,117
731,800
787,559
843,982
252,585
58,256
617,799
250,666
816,214
56,132
134,902
659,462
430,296
400,318
374,973
299,313
655,723
531,233
949,972
930,712
761,707
165,456
923,977
927,3
231,728
226,878
982,764
645,322
585,709
145,248
935,13
181,183
870,708
690,480
254,989
788,79
372,778
324,763
297,732
845,372
72,244
724,947
532,564
324,182
323,162
999,597
134,787
409,217
454,454
780,842
43,788
578,541
150,290
441,823
744,902
764,762
838,616
655,204
892,21
247,139
365,594
550,60
817,987
159,467
124,58
169,344
579,423
305,902
734,316
436,35
919,731
507,612
813,597
314,673
468,91
5,826
600,234
864,914
900,58
558,386
288,869
371,495
107,583
232,186
924,954
24,38
599,635
209,428
282,165
18,870
474,400
341,1
253,515
567,20
977,967
125,570
141,258
897,655
938,985
113,252
522,679
270,437
546,799
589,302
971,117
604,389
476,315
618,44
432,305
855,670
252,818
527,304
659,220
291,275
356,756
344,30
942,164
465,676
955,969
337,504
2,323
669,122
680,865
924,704
270,596
243,11
994,67
8,860
913,659
376,538
941,351
445,302
867,483
837,673
42,109
776,676
644,477
960,124
851,956
793,296
961,441
948,613
917,271
115,18
959,200
469,412
536,850
884,376
842,635
38,473
292,993
905,99
877,912
809,723
771,457
19,332
192,225
478,238
347,96
225,703
146,89
158,877
324,893
81,183
371,732
986,905
13,117
281,832
840,199
390,133
681,734
716,355
523,156
735,28
479,101
586,561
186,159
928,351
356,368
41,323
291,155
847,793
830,720
434,666
633,713
626,65
540,721
221,841
155,233
293,408
241,683
571,820
125,329
696,415
732,264
522,287
303,364
442,941
127,42
740,450
444,336
313,164
631,355
745,474
877,977
210,717
168,568
287,320
559,308
677,426
771,930
666,979
432,363
757,821
673,463
611,883
531,871
940,817
648,883
435,986
640,810
722,5
520,913
17,386
744,396
169,965
324,275
44,61
449,242
926,769
496,851
940,236
927,981
24,813
767,233
521,774
875,895
799,530
295,125
787,309
393,436
36,423
42,924
770,406
519,372
371,458
396,903
841,469
915,884
806,221
816,58
886,552
906,684
698,887
176,676
323,870
363,806
257,100
761,418
554,848
657,213
308,27
171,89
690,842
551,2
847,698
810,403
621,803
890,836
713,321
362,739
694,125
175,553
341,460
8,622
324,153
16,594
235,479
335,908
379,281
714,579
648,284
922,79
771,727
138,434
962,991
241,640
40,425
919,429
466,589
257,301
849,37
712,680
407,902
462,845
616,948
86,905
855,919
772,899
51,386
95,405
168,354
337,537
973,134
63,617
502,997
219,918
586,364
738,914
991,438
522,560
955,693
958,258
640,643
26,261
420,973
379,917
967,38
661,438
563,409
602,361
552,412
828,668
955,874
177,308
541,779
326,23
525,348
300,471
401,317
946,234
130,78
182,872
572,333
882,424
179,924
161,273
922,467
996,735
597,35
951,933
204,630
815,768
873,318
911,302
634,552
581,719
980,846
852,588
613,881
431,922
205,549
317,318
306,652
396,933
383,516
499,26
651,946
45,754
591,367
5,817
718,458
90,993
309,795
673,488
924,116
148,427
233,252
549,337
354,736
190,713
570,764
722,292
149,577
409,875
969,763
958,657
935,907
532,274
976,38
957,258
257,922
284,536
185,204
563,476
882,778
42,656
804,342
644,996
889,596
905,418
566,954
244,899
942,736
534,868
176,751
264,277
350,946
286,83
605,0
242,462
47,56
785,729
81,407
205,160
178,971
738,607
559,235
659,471
202,450
345,655
145,156
8,800
204,93
369,941
557,594
151,952
251,132
614,137
146,596
588,927
675,120
644,367
970,720
522,372
314,138
474,460
165,600
276,639
990,330
956,944
490,249
57,847
371,324
225,307
578,192
937,299
917,243
535,11
343,51
173,212
311,709
125,2
371,349
265,675
988,550
870,884
614,552
831,75
265,554
664,636
25,330
221,937
616,404
820,749
481,118
595,914
221,796
89,484
344,462
544,942
853,13
633,462
901,806
455,159
794,402
512,533
511,759
993,183
346,165
539,995
553,108
19,914
548,123
369,669
418,934
652,116
991,178
763,174
564,245
304,531
924,276
425,46
757,259
531,133
110,207
590,423
448,544
406,850
733,464
227,581
809,501
113,267
307,334
179,389
709,330
911,373
99,462
242,64
167,508
92,467
743,201
674,377
643,931
652,220
473,814
397,143
179,172
214,234
845,987
611,884
23,707
307,195
807,290
970,623
933,304
581,442
868,143
57,577
433,955
775,815
359,332
874,390
840,11
992,695
96,810
207,420
399,338
397,736
947,332
371,256
704,879
739,569
878,269
136,638
755,428
298,433
852,626
131,301
958,568
451,993
620,566
514,217
287,646
835,764
855,119
495,785
682,784
438,766
578,720
528,870
42,935
887,158
981,956
437,118
852,138
602,159
128,312
442,69
125,544
363,138
877,372
102,451
444,59
699,71
230,845
826,819
437,217
57,87
247,137
315,21
240,305
520,945
711,760
829,592
780,575
408,852
328,749
545,572
920,224
150,179
536,743
572,974
470,909
223,675
402,691
550,630
577,855
434,359
411,950
393,599
484,954
658,97
845,544
599,400
796,812
909,615
997,307
78,117
878,4
862,461
183,139
159,940
693,806
629,44
41,488
111,82
792,172
58,494
802,733
903,309
217,424
483,738
912,795
953,195
714,863
442,761
576,388
734,110
749,0
548,60
591,202
375,285
328,426
424,182
181,662
265,953
150,951
839,201
419,599
698,416
794,325
288,273
792,496
491,719
920,488
460,294
832,29
11,246
283,254
718,50
798,799
783,521
39,525
100,121
868,177
241,608
380,939
907,368
57,143
181,116
773,559
793,827
272,319
507,834
697,113
76,551
299,286
867,386
525,811
358,239
513,561
5,543
278,273
529,363
941,532
410,960
264,758
291,726
520,955
832,678
707,912
160,905
141,784
861,49
789,546
807,99
859,405
342,704
227,945
997,541
953,70
792,259
590,896
396,615
959,12
492,37
479,340
507,677
924,359
728,262
100,596
349,906
257,556
449,689
711,870
537,656
842,928
466,537
582,896
354,535
693,349
175,162
876,937
897,723
696,651
588,385
394,927
142,941
991,68
533,138
646,739
580,326
850,247
451,694
169,538
580,336
874,744
542,358
351,171
422,277
356,479
931,246
457,449
555,954
201,684
330,197
134,357
859,525
787,150
860,263
388,532
409,936
104,925
160,621
504,257
798,311
200,36
716,813
801,441
916,663
699,682
390,574
962,222
452,868
489,506
68,171
37,745
938,245
639,24
397,713
142,991
586,183
286,114
573,225
410,839
417,172
212,9
600,413
717,305
194,559
641,119
877,247
988,62
997,461
174,826
989,427
980,335
142,456
133,554
363,393
684,75
917,847
75,534
594,967
519,598
717,816
248,703
489,251
418,188
199,583
379,350
177,719
592,61
139,258
104,151
483,104
28,363
893,201
466,22
264,153
289,202
63,370
52,879
38,552
881,717
338,550
939,903
670,48
430,428
774,44
988,598
37,497
427,472
404,199
259,149
398,578
863,820
559,222
995,12
894,435
865,398
912,629
66,394
228,186
25,502
269,711
852,380
738,626
500,444
481,246
504,423
759,544
570,677
255,588
739,466
703,773
444,828
727,586
674,828
875,881
643,166
542,212
816,430
123,440
846,506
927,159
825,557
527,598
961,533
999,452
935,213
16,887
53,128
61,505
262,79
641,975
270,989
323,982
628,349
573,61
938,892
481,645
298,381
696,950
642,692
32,660
886,538
532,496
468,981
15,387
638,603
579,898
438,335
27,471
659,377
82,414
59,336
183,496
644,353
546,668
673,833
286,341
407,416
150,134
243,954
434,502
305,571
244,572
207,601
414,776
303,817
919,392
520,802
575,494
835,336
343,687
79,444
527,812
419,761
759,39
497,111
698,203
594,21
229,95
74,546
770,612
820,222
528,611
494,724
970,454
881,17
524,528
353,87
256,116
914,330
921,27
541,347
724,625
337,972
873,422
98,522
993,564
273,269
202,835
90,331
994,28
553,998
373,611
908,557
800,830
864,234
741,960
222,265
11,476
391,859
577,154
809,901
754,694
670,224
603,683
335,165
713,562
487,406
977,288
521,962
620,752
120,901
590,679
103,431
460,841
918,763
729,588
208,333
160,661
367,544
198,130
471,225
334,998
351,922
723,334
603,891
345,57
654,24
729,95
811,717
837,158
592,801
736,706
739,800
383,139
596,712
648,572
555,565
824,759
280,985
155,793
790,784
261,912
511,491
824,71
320,194
650,74
727,697
321,893
284,543
323,849
64,501
642,538
751,889
289,512
8,496
288,111
208,979
205,314
285,690
435,167
179,4
911,436
923,595
54,549
203,31
270,999
754,32
919,595
338,264
758,528
398,522
919,239
876,390
459,953
36,120
839,401
383,426
609,205
557,697
585,381
769,416
437,351
723,464
963,820
506,574
296,807
579,761
19,888
792,938
364,470
293,376
770,36
603,171
161,528
972,138
355,779
598,178
412,892
112,812
589,943
246,791
930,828
501,838
133,579
824,958
284,696
486,453
979,445
722,232
115,174
412,962
158,664
384,441
873,514
511,724
296,389
340,609
607,427
696,283
141,757
588,64
22,874
921,277
169,488
567,678
247,276
914,397
402,56
63,196
781,983
275,211
781,80
521,426
311,807
882,279
389,941
660,142
509,950
162,428
838,162
474,418
978,59
215,910
835,180
459,657
337,769
684,420
94,747
803,602
313,827
747,26
527,508
905,882
38,911
974,641
49,531
475,45
340,845
476,619
216,518
258,749
877,203
590,889
962,948
316,535
795,981
231,957
965,811
588,797
93,822
282,61
716,183
91,96
295,791
538,6
438,658
222,523
378,243
664,724
786,379
231,650
517,439
168,805
754,289
618,958
751,66
717,377
373,435
834,165
311,240
536,197
52,623
319,232
891,51
185,122
949,710
782,606
238,137
251,5
541,809
471,81
681,525
578,999
64,506
935,508
39,395
342,415
285,65
680,802
286,516
335,108
287,789
887,288
413,935
359,791
28,713
419,733
19,142
86,733
415,922
33,743
942,86
389,237
457,374
997,902
49,632
805,250
224,618
419,56
453,584
213,352
492,914
274,411
212,524
164,635
656,898
659,545
452,569
458,133
854,164
745,614
55,659
623,627
256,361
893,742
772,476
13,253
967,912
963,218
596,136
842,630
114,3
419,925
397,840
696,302
155,787
451,973
534,139
86,944
476,33
744,11
63,259
841,473
633,58
251,92
613,537
653,853
703,76
978,228
14,438
19,88
451,207
317,26
164,548
368,138
172,708
157,583
389,775
800,625
292,771
894,846
703,694
67,974
776,466
433,872
115,619
697,717
137,953
367,217
971,758
749,934
887,190
858,412
138,727
237,762
683,608
866,711
178,126
660,468
497,583
401,172
310,660
749,333
654,304
186,808
553,751
501,197
290,437
183,149
704,703
490,103
473,972
793,62
209,319
306,284
489,411
302,801
618,844
477,819
877,757
584,276
36,335
472,50
177,571
903,982
48,487
861,633
724,288
52,85
789,897
143,409
545,543
149,84
145,693
559,1
140,91
29,429
193,79
819,275
575,744
126,899
247,827
564,751
504,190
217,945
411,357
297,738
551,922
767,237
55,550
971,330
940,119
965,541
219,920
518,80
132,145
256,545
836,172
561,913
317,583
109,944
36,55
671,460
307,761
479,59
623,103
917,849
442,920
817,174
655,87
223,574
879,457
368,266
861,291
880,620
344,973
218,449
74,435
113,167
79,583
310,816
244,450
773,445
953,12
544,494
81,664
78,369
385,929
986,859
856,159
674,73
342,741
760,208
977,144
215,303
284,893
956,419
901,815
376,853
745,492
140,559
658,310
722,843
862,255
215,671
998,700
769,743
884,857
62,157
125,166
387,634
401,874
561,607
641,237
525,132
186,695
477,564
610,79
124,109
165,934
308,239
141,549
445,509
412,221
96,900
168,803
123,576
175,915
136,228
652,896
135,789
166,289
541,907
138,924
607,201
342,552
512,832
89,559
369,206
424,895
660,766
896,379
129,443
486,337
432,596
853,259
455,329
715,735
848,346
6,596
71,39
275,873
725,29
824,371
365,807
953,890
360,123
323,721
325,521
346,260
687,849
126,608
471,711
50,470
631,649
824,912
566,511
685,439
460,540
498,737
871,710
876,575
271,68
1,254
998,198
930,234
905,509
710,416
219,38
28,788
990,497
247,376
159,300
96,349
738,886
72,236
669,369
57,537
837,4
715,497
698,351
489,552
836,302
468,203
612,190
65,77
173,461
909,915
208,856
496,86
379,495
992,901
829,729
614,514
628,798
762,758
450,446
387,145
245,770
514,311
813,703
751,317
918,896
574,90
428,934
914,452
936,112
667,383
851,823
748,986
77,87
233,610
699,621
140,719
739,715
572,135
144,240
395,991
405,591
240,351
913,470
184,702
116,210
545,341
913,978
619,866
437,359
168,72
227,297
422,401
702,285
225,957
679,223
409,326
431,402
318,959
373,323
181,556
2,710
943,721
441,949
158,513
268,708
827,322
3,149
790,611
566,520
252,102
13,913
726,348
380,434
564,332
544,211
125,875
879,57
998,246
92,896
757,598
996,138
494,860
268,115
960,998
872,24
568,558
71,559
601,78
688,444
708,605
468,80
869,812
151,153
275,717
725,106
510,541
907,352
615,183
419,817
181,937
10,486
307,648
841,474
805,277
315,112
222,758
437,580
486,235
597,233
797,179
132,43
7,531
232,468
447,758
865,702
225,379
925,20
517,357
811,796
688,479
155,791
935,130
670,257
207,341
138,607
217,878
136,366
392,829
285,95
2,30
881,142
816,688
703,759
608,472
155,355
478,858
615,360
427,440
645,10
967,633
868,981
810,306
823,630
323,754
876,247
191,248
343,96
96,357
538,535
797,512
550,636
299,110
728,705
771,959
930,603
122,938
580,528
560,367
237,997
790,635
292,735
459,79
22,773
290,3
665,27
677,172
787,325
292,869
701,985
646,388
449,616
204,807
168,922
974,562
301,866
181,521
18,60
856,802
229,360
120,224
654,557
393,717
298,76
825,721
321,609
372,831
965,812
615,313
826,233
62,678
320,671
675,249
349,857
883,695
509,488
34,340
63,645
119,837
319,685
66,217
782,178
325,273
899,736
866,917
268,209
322,848
686,297
730,528
920,385
287,762
515,894
257,826
859,918
370,303
676,729
944,278
397,672
246,392
25,227
619,316
186,509
115,839
660,519
612,787
785,19
997,750
909,382
711,243
926,58
849,82
601,683
566,200
462,744
934,779
457,363
168,153
897,246
589,267
680,589
408,383
978,961
586,986
282,351
100,535
739,650
393,744
114,447
246,8
602,333
191,338
501,498
497,574
352,891
177,712
469,308
222,84
515,434
919,589
212,991
638,782
191,249
296,584
204,29
271,347
378,458
82,790
333,545
502,829
819,913
264,556
484,955
412,918
971,775
545,213
703,529
879,287
565,33
235,800
291,714
687,121
71,130
154,170
19,750
355,222
298,675
423,263
49,501
524,172
188,681
692,694
811,397
547,288
327,81
764,675
439,268
781,344
764,668
944,688
630,193
521,488
623,813
549,435
376,140
940,354
200,403
92,832
90,876
603,837
584,959
284,375
447,813
758,6
