57,751
989,703
504,297
547,956
421,4
102,472
567,327
223,276
266,781
567,92
971,625
681,185
29,484
239,870
747,382
680,564
934,537
102,926
80,938
666,34
327,541
74,507
19,608
997,286
823,907
40,440
680,220
862,604
544,180
261,805
217,244
235,678
739,415
592,104
531,455
45,912
286,505
482,20
511,920
477,671
682,898
542,878
927,478
639,629
751,65
883,493
814,480
104,352
394,792
591,651
873,50
623,942
194,75
269,217
852,730
68,786
728,187
789,288
301,630
978,852
816,685
127,320
108,393
864,209
987,230
432,562
544,941
342,992
859,223
59,783
139,80
455,130
130,258
862,563
533,628
199,615
101,93
518,385
387,763
888,900
988,123
145,632
322,706
84,488
554,659
47,840
235,316
470,758
117,666
204,796
191,27
70,425
65,46
313,353
729,366
589,629
497,292
589,143
687,552
114,514
729,875
439,489
564,524
846,566
187,834
372,696
123,312
248,136
463,472
343,806
874,542
573,754
39,502
456,544
163,56
977,366
549,168
135,489
297,704
832,339
384,20
93,690
378,443
863,134
309,258
869,699
600,914
605,228
447,888
680,199
671,101
758,785
27,885
651,102
713,425
812,634
593,571
118,816
471,695
229,18
354,800
301,152
167,426
882,555
627,580
810,602
781,485
575,538
5,76
164,86
984,218
514,903
40,408
316,619
373,154
914,471
545,553
809,924
217,291
880,368
742,488
943,532
965,16
579,567
45,253
12,906
180,618
235,312
154,574
968,419
494,731
480,669
505,535
106,134
715,509
456,994
419,881
904,524
112,857
68,656
313,928
372,618
167,268
977,643
27,803
421,908
568,35
992,370
664,644
514,766
799,481
856,900
30,833
668,529
445,958
769,972
831,821
89,988
247,148
796,141
282,796
70,88
436,890
445,616
980,697
880,253
192,873
997,964
278,186
816,840
778,688
955,858
268,615
705,202
795,42
396,419
950,775
172,805
689,564
433,242
559,31
859,82
363,708
94,846
439,868
780,432
919,608
732,197
394,123
58,780
210,288
907,879
794,532
74,250
536,151
248,132
801,53
713,835
557,816
159,876
494,169
669,567
480,788
745,873
923,834
928,316
421,547
71,239
391,728
59,890
116,801
41,839
54,477
36,266
125,94
798,51
220,149
54,311
487,966
159,309
66,550
919,657
712,0
293,996
934,532
591,187
292,622
269,138
261,488
490,234
469,818
470,60
260,904
681,505
501,903
422,175
593,735
739,463
751,516
998,397
876,293
18,297
275,655
677,353
821,620
483,338
527,669
132,797
929,697
413,116
176,268
693,745
591,700
990,310
710,511
889,710
195,25
470,992
828,699
672,675
408,644
764,536
924,530
199,83
283,848
53,912
617,929
244,376
908,886
102,436
511,863
303,266
976,56
570,813
573,321
986,271
84,151
582,235
61,175
222,239
289,250
461,118
938,30
441,339
542,268
931,534
59,1
477,252
851,768
616,531
98,941
899,957
155,55
905,279
900,390
674,281
58,388
531,24
787,685
785,356
792,864
493,8
344,71
933,481
7,853
547,250
87,92
134,865
208,606
55,918
446,259
592,480
476,872
949,876
436,306
13,210
942,313
651,607
380,909
641,13
497,430
917,188
560,495
938,93
296,828
680,521
611,149
781,40
920,873
981,482
86,100
993,897
211,168
360,720
635,455
268,3
901,676
273,721
284,608
492,484
216,778
948,488
516,792
860,877
379,778
324,270
321,601
877,459
449,366
652,347
585,538
625,497
13,55
963,315
346,945
37,779
968,34
950,738
799,462
58,805
279,649
52,136
245,86
606,341
540,341
417,296
98,542
879,103
152,270
757,191
106,773
717,719
550,731
286,695
995,233
162,410
592,42
604,183
651,594
702,71
461,783
195,264
228,138
930,786
764,98
220,13
723,87
323,304
924,714
704,120
554,679
495,578
629,171
951,131
898,9
828,221
646,362
563,944
273,419
300,237
422,442
692,765
158,427
68,14
698,180
939,21
632,641
537,6
569,925
703,578
505,730
912,247
221,113
265,348
86,256
110,840
565,440
505,57
488,488
452,470
680,425
880,439
410,948
653,792
379,783
339,817
318,660
82,765
123,48
372,694
191,391
546,239
614,625
232,308
856,131
686,167
817,717
889,678
32,644
601,452
551,422
792,103
445,818
816,809
392,10
458,510
944,568
277,640
213,348
367,52
53,671
854,259
386,491
125,734
235,742
760,326
775,732
159,446
968,371
445,866
763,351
45,185
517,17
930,937
719,29
430,394
309,81
301,769
165,113
393,415
882,399
201,164
162,83
40,773
684,54
266,609
391,852
187,766
724,167
273,70
695,404
756,352
584,933
226,502
724,172
272,751
267,971
269,417
380,227
577,998
661,925
593,430
583,805
232,310
439,453
962,715
538,571
418,419
876,181
612,82
649,871
215,874
477,294
433,641
669,932
365,595
386,678
959,277
715,625
10,146
161,165
683,260
287,967
492,134
273,769
446,215
283,603
858,781
553,940
173,98
421,25
566,3
625,816
405,154
324,19
290,41
698,167
871,417
668,681
476,236
919,124
606,242
62,34
449,471
141,531
275,219
955,200
856,88
83,84
925,186
119,197
631,522
327,53
356,196
726,117
743,790
350,426
104,231
288,282
263,406
640,275
938,281
62,522
571,771
924,559
754,163
987,308
146,328
4,810
957,717
474,490
84,480
352,654
512,167
544,496
812,937
784,153
791,633
895,940
588,656
601,677
674,763
37,754
301,200
646,996
580,186
275,280
196,807
364,835
619,61
745,909
965,476
995,235
96,41
39,123
708,699
284,492
585,20
435,54
306,310
20,937
908,651
274,549
938,682
593,611
503,582
345,453
681,91
281,897
92,707
788,118
726,446
453,805
997,561
390,666
260,542
890,248
481,794
577,911
827,646
703,333
233,612
23,321
107,856
290,971
108,127
492,824
880,816
865,608
390,433
365,210
480,37
550,635
499,484
578,38
58,988
924,853
881,525
442,127
332,985
502,459
281,792
734,66
552,262
341,380
545,497
751,783
234,953
549,329
507,603
934,831
589,992
109,738
22,260
697,528
191,704
522,190
905,757
667,116
70,118
368,690
632,869
680,985
960,363
855,57
798,142
50,920
552,870
217,639
298,52
403,541
20,227
35,445
419,999
77,442
629,639
670,102
920,841
80,512
995,297
923,14
123,73
315,96
109,365
927,442
942,92
933,928
242,868
4,705
483,662
925,306
959,180
509,778
388,885
985,32
428,128
782,831
31,983
180,506
601,654
40,391
253,538
300,185
545,988
840,496
624,571
275,155
586,132
176,150
960,600
504,244
440,916
501,742
422,439
886,259
549,718
208,321
610,179
133,9
156,153
84,573
571,359
881,27
436,145
156,611
937,288
220,187
156,647
960,322
612,122
899,169
586,554
590,482
982,971
843,503
765,547
223,781
676,921
212,220
828,208
66,488
895,99
959,214
756,663
236,663
141,367
934,544
253,758
746,941
400,867
181,535
220,531
935,623
938,829
900,356
438,163
671,527
434,630
366,641
259,461
201,628
234,305
646,130
362,989
942,266
924,661
930,781
649,838
514,491
712,302
106,300
118,832
147,393
667,373
80,575
638,427
794,319
265,91
607,367
49,376
736,435
745,209
182,644
650,773
423,782
160,523
77,53
954,398
323,701
351,844
211,104
243,212
200,904
236,682
530,407
790,984
321,3
107,148
921,982
621,849
442,31
252,877
768,485
136,907
750,868
667,707
845,627
494,525
671,654
382,979
356,690
168,7
462,661
56,871
385,226
691,215
715,890
526,663
436,39
821,607
585,190
99,854
705,912
412,554
358,463
324,678
169,979
774,571
612,170
926,507
514,949
232,933
573,128
653,360
874,80
999,384
438,268
967,392
772,947
203,470
380,448
872,379
397,493
726,187
110,551
362,370
690,757
801,817
98,11
554,809
627,297
957,387
344,720
759,826
786,874
740,468
284,337
55,596
996,292
612,880
887,335
776,798
448,902
305,52
942,468
319,37
314,957
653,904
85,451
15,466
284,324
725,44
468,83
598,266
40,260
282,211
51,844
862,286
473,638
764,418
693,466
782,544
944,327
453,255
305,202
500,805
523,467
624,602
908,725
191,884
975,658
561,733
342,129
83,564
946,760
812,425
722,33
236,437
358,325
731,730
636,139
481,191
219,308
567,506
2,401
856,37
973,161
467,573
426,967
27,998
540,226
834,719
424,238
501,781
820,24
211,336
327,833
254,999
619,159
73,761
310,488
241,227
413,154
819,680
547,139
342,621
94,264
226,934
269,69
837,933
881,914
276,566
690,183
744,580
766,137
143,335
807,49
103,423
311,399
16,253
634,845
280,584
178,441
332,437
992,881
956,613
734,44
730,780
629,215
146,174
297,183
326,663
413,211
368,896
951,22
896,183
318,776
442,359
179,245
615,670
613,346
684,843
629,187
998,252
254,854
545,234
238,812
928,408
365,780
630,436
63,210
882,181
635,566
927,78
526,791
804,8
199,587
549,775
686,458
708,909
911,671
33,741
354,747
905,973
343,309
262,390
896,334
622,308
23,326
672,17
837,840
119,957
681,70
196,126
739,396
844,555
647,239
4,94
664,543
768,847
162,786
976,338
863,534
983,319
171,314
448,467
971,633
860,18
842,628
59,40
260,654
428,671
584,476
615,502
100,500
103,208
251,310
293,484
885,999
270,13
316,36
496,577
803,70
395,513
617,482
938,741
587,928
326,859
473,58
893,1
129,197
610,977
166,579
671,631
965,209
492,363
495,900
361,275
958,499
389,887
948,674
938,400
359,957
337,402
648,619
114,734
942,267
856,681
369,210
618,638
92,157
475,417
167,15
437,722
943,773
313,758
868,62
568,327
889,233
59,319
980,937
808,537
634,114
322,50
725,178
624,565
864,327
145,648
406,766
73,438
91,939
139,483
155,781
540,230
128,902
857,497
564,168
944,879
632,417
525,20
873,806
157,393
845,813
305,71
466,792
112,686
223,302
920,128
70,847
376,819
600,597
477,818
750,501
468,710
225,492
184,734
464,527
910,93
109,361
178,221
674,238
587,714
616,251
310,327
735,997
300,781
151,643
358,782
233,898
613,967
16,459
966,380
619,59
868,984
879,539
189,620
0,785
646,508
657,794
118,521
109,183
892,939
180,391
86,232
549,442
384,756
721,692
54,939
635,311
28,154
749,537
503,2
756,749
53,937
886,292
786,872
395,940
151,257
873,213
435,339
169,138
940,706
75,909
584,52
843,715
822,820
865,615
655,770
9,94
16,679
723,652
24,204
501,191
414,791
650,573
463,214
132,32
731,251
410,333
901,800
964,531
167,232
799,632
417,104
570,413
548,939
134,780
588,626
971,268
803,201
130,689
185,175
412,505
363,664
666,850
414,293
198,411
564,233
854,882
588,278
596,266
396,493
963,782
837,364
864,58
958,114
535,173
851,995
293,909
648,459
655,209
807,913
364,697
684,741
170,255
137,780
729,271
486,707
573,915
478,901
567,297
917,389
307,374
204,634
931,355
152,282
893,414
660,287
728,728
879,472
803,709
920,167
497,447
458,116
723,806
361,795
441,162
845,320
27,453
402,776
548,431
638,238
620,866
615,335
839,796
106,904
569,340
239,242
759,899
922,332
274,608
477,172
907,3
983,643
962,203
111,835
771,927
343,468
717,341
695,853
780,587
754,452
286,965
965,310
481,697
385,479
747,121
230,849
58,144
708,944
385,490
743,258
700,462
614,638
817,609
989,577
964,944
175,180
925,31
315,172
406,304
907,887
289,680
276,66
294,531
410,221
185,932
720,593
529,947
380,460
999,351
216,947
839,995
904,444
481,603
594,642
717,148
601,317
247,281
74,313
904,417
594,217
532,867
972,92
727,880
486,765
978,931
582,300
557,538
488,47
859,845
723,682
765,58
499,747
922,463
194,239
410,198
74,696
996,267
787,481
167,543
457,146
52,944
856,565
178,409
208,741
819,655
674,971
926,305
455,256
447,170
174,818
513,513
576,390
745,237
736,530
917,79
64,457
536,497
187,857
358,190
636,264
524,199
373,777
898,199
99,569
869,733
983,908
384,367
571,411
251,975
998,58
136,924
390,999
504,232
208,998
120,409
715,972
613,899
424,193
282,433
518,637
409,0
75,502
205,341
70,758
151,999
569,922
643,384
591,645
428,782
688,581
884,599
639,833
839,980
467,830
914,189
648,189
379,291
53,661
715,942
338,261
904,695
772,467
317,371
262,349
226,973
181,807
591,621
973,214
89,657
334,598
567,521
225,623
666,412
747,761
648,595
805,879
184,186
781,552
254,834
241,992
5,483
94,902
165,428
423,169
755,108
521,375
330,814
926,114
2,145
903,329
25,621
840,392
144,744
606,203
650,253
295,50
672,818
567,148
718,392
234,411
466,829
268,53
52,468
707,389
799,680
509,947
531,44
901,790
816,674
873,319
770,735
788,369
880,341
598,151
168,341
679,195
670,964
202,808
307,487
89,479
408,428
67,931
328,888
374,894
735,538
387,343
268,371
761,802
645,529
809,208
30,433
541,894
40,893
262,998
430,687
342,48
798,933
280,889
87,591
96,260
454,251
667,185
876,323
890,491
650,981
128,402
976,905
222,174
921,711
724,347
165,161
110,734
617,321
819,29
597,808
249,493
212,404
939,103
862,697
729,441
852,48
202,943
350,12
127,71
158,6
980,321
555,519
601,579
508,855
728,384
939,162
264,777
548,294
453,128
116,168
25,136
188,915
888,915
321,277
325,638
291,518
610,788
694,176
369,134
658,804
240,879
468,306
521,443
432,810
80,59
786,132
548,254
416,280
91,945
393,948
703,736
252,528
685,524
821,817
262,254
731,145
738,637
78,198
580,952
67,580
898,371
855,825
348,490
1,230
676,277
408,330
492,53
950,756
562,539
4,902
472,729
356,155
199,33
399,918
314,140
152,26
723,569
346,571
590,675
988,215
601,361
728,333
136,48
743,357
201,309
714,31
392,943
912,571
754,507
864,384
123,465
378,127
633,806
55,856
719,294
467,919
280,792
235,905
601,848
940,839
552,876
367,415
351,247
389,775
581,921
59,707
441,949
726,95
167,615
694,980
602,255
758,303
616,897
290,783
355,547
275,143
397,583
397,952
903,487
116,772
315,351
326,6
332,801
234,615
304,574
62,890
308,693
621,832
304,557
595,463
170,701
849,88
926,298
824,895
608,330
399,261
477,753
568,761
183,529
264,750
107,779
33,228
131,511
446,200
647,587
351,695
360,962
190,863
744,82
543,637
904,315
34,934
633,721
902,418
480,831
934,794
50,649
174,689
723,653
716,982
448,134
97,815
538,334
888,148
25,295
250,612
993,637
582,173
525,22
848,863
351,144
460,320
308,669
465,769
284,1
838,881
710,976
235,752
273,906
564,140
659,679
557,44
963,61
851,438
306,626
766,425
132,443
65,397
719,603
698,858
744,854
915,412
506,517
679,497
635,951
176,11
512,378
414,317
386,163
750,360
512,336
403,913
450,174
12,30
507,272
567,867
801,948
335,573
232,403
598,129
78,861
128,513
519,134
473,612
990,860
694,71
671,477
850,994
68,259
106,933
970,911
165,549
481,548
921,974
365,233
614,276
131,943
579,686
874,710
160,444
98,696
386,815
637,995
926,611
395,79
573,556
781,857
887,514
269,756
250,420
286,222
287,480
397,465
619,87
577,559
948,85
980,816
924,932
651,11
883,56
288,409
387,568
736,252
531,487
786,498
587,521
144,872
482,825
973,3
835,553
946,938
613,253
224,691
515,839
863,467
406,161
575,136
916,162
401,400
881,121
565,312
31,43
447,719
398,131
422,394
31,549
454,707
653,745
645,564
646,517
925,90
112,575
800,813
890,590
802,97
904,597
687,317
654,836
721,743
631,611
340,129
952,477
381,239
325,692
688,603
539,377
288,122
531,933
314,149
689,543
658,960
363,464
987,891
444,704
638,29
408,545
180,441
767,973
210,740
964,56
41,645
803,975
821,180
840,785
716,943
68,538
995,769
764,448
432,805
64,853
713,858
218,583
75,947
791,562
649,641
100,45
77,818
292,327
651,311
424,263
16,354
134,288
411,548
345,759
371,357
766,151
264,936
819,230
43,479
70,484
551,136
95,294
184,905
644,905
499,879
262,568
708,811
536,388
281,69
134,238
621,661
394,729
220,937
256,653
282,401
240,336
202,775
305,995
909,748
407,614
714,909
56,573
667,827
129,989
862,27
285,531
633,776
972,280
20,472
776,101
395,88
305,43
137,607
760,353
391,341
665,582
616,894
557,318
503,473
666,551
619,484
621,649
279,451
173,606
334,936
467,158
689,262
830,857
156,455
375,469
676,583
485,9
415,980
473,125
728,177
37,682
858,37
108,831
850,436
314,647
929,572
486,390
31,768
398,339
25,910
607,641
311,671
478,417
959,325
708,784
48,940
570,847
165,494
38,398
681,82
495,412
305,306
974,661
674,711
772,626
434,1
686,305
177,764
835,620
735,490
687,286
251,398
226,316
536,834
718,889
528,128
840,429
939,897
279,986
119,895
630,880
555,706
264,925
942,265
499,679
686,288
817,385
165,843
717,642
322,814
79,223
344,886
228,174
616,156
911,522
699,421
612,59
330,947
769,78
652,308
255,939
461,515
904,211
280,631
754,893
116,534
714,452
903,859
664,588
485,167
276,924
694,979
204,993
161,340
173,518
251,65
213,913
502,254
14,709
324,829
747,766
831,374
832,494
495,82
553,30
693,558
814,440
998,105
747,661
94,528
822,780
848,80
787,320
638,458
891,74
607,919
363,866
558,219
283,124
551,585
951,901
978,902
352,696
45,329
933,757
90,672
71,847
866,422
507,118
732,741
493,558
706,928
52,989
58,538
929,588
928,340
941,825
233,689
411,622
21,972
18,549
479,496
374,433
516,731
903,341
768,118
682,472
760,24
255,668
707,416
337,571
127,0
376,730
734,646
920,958
504,814
535,946
150,610
499,61
846,188
415,835
163,661
228,891
597,50
940,488
752,691
728,622
628,574
663,491
73,847
832,791
579,276
83,188
831,262
790,227
921,955
327,371
93,425
938,978
799,251
339,289
445,597
961,179
6,480
630,968
220,661
269,761
798,304
349,121
996,243
819,949
585,334
50,274
332,539
660,370
299,277
349,231
897,128
363,615
212,861
598,25
525,600
122,534
635,290
339,103
632,974
518,110
245,967
600,824
562,220
133,219
806,312
723,432
375,195
433,211
924,47
508,548
437,248
97,729
452,181
26,653
935,225
142,300
287,348
931,657
118,412
560,284
187,312
658,375
9,268
520,511
178,115
118,180
748,103
20,390
725,422
740,963
248,119
949,616
701,754
297,792
169,203
176,212
232,645
237,117
59,16
5,425
455,655
283,751
752,470
389,351
367,329
420,533
350,348
272,110
338,239
683,810
395,705
39,712
222,628
612,785
632,512
62,152
326,591
675,113
928,48
993,861
893,400
621,791
561,591
754,804
677,287
725,444
262,926
189,419
332,0
443,737
717,637
864,569
447,552
435,608
154,381
583,295
310,141
467,374
667,292
666,424
35,567
61,123
20,101
496,361
756,672
40,458
660,935
158,578
167,478
641,913
839,430
711,660
296,128
588,253
750,321
574,31
84,312
378,633
948,639
442,866
483,721
441,0
31,505
987,474
155,691
417,15
894,471
625,304
204,428
889,969
746,358
323,944
625,163
523,879
442,93
345,700
858,0
500,430
99,812
943,315
788,824
723,679
874,766
578,361
307,196
894,513
179,338
139,658
831,158
545,617
989,544
656,595
153,427
45,849
375,206
275,607
329,23
336,62
20,956
667,399
9,211
513,826
137,168
717,888
636,927
894,576
735,754
841,272
431,921
594,752
665,614
294,978
223,0
316,574
54,557
39,360
570,739
397,142
323,642
871,144
443,216
25,629
626,871
795,694
996,371
594,434
77,329
971,140
630,398
52,55
511,972
960,905
841,578
779,45
19,687
206,854
272,251
890,371
542,12
288,606
311,793
26,441
561,352
221,610
298,350
461,241
258,161
583,924
990,588
659,531
52,280
949,304
994,880
219,381
22,700
38,91
717,568
454,494
157,390
982,822
425,867
731,222
549,306
894,992
690,921
578,358
398,28
486,751
486,124
245,314
63,758
252,30
150,274
554,865
745,485
513,123
674,176
995,855
751,838
344,422
308,946
338,565
145,297
761,119
80,319
66,914
304,255
496,966
646,255
689,860
232,942
173,975
157,868
751,759
794,467
890,162
743,306
842,767
537,108
984,115
538,391
15,59
501,654
28,970
264,236
906,572
224,92
774,276
46,200
410,77
969,167
359,685
145,789
273,764
965,781
904,427
393,271
234,85
36,882
265,274
309,104
740,179
175,774
22,423
188,226
47,305
579,368
644,683
875,443
298,280
476,952
901,322
335,186
546,133
911,70
281,117
501,591
803,776
509,511
817,528
862,374
60,978
459,708
322,879
724,323
294,311
372,608
412,288
131,604
191,431
882,426
466,58
345,811
871,100
600,210
710,937
89,651
874,847
232,955
695,581
39,862
580,807
848,535
971,984
513,125
830,831
742,114
960,304
936,87
202,563
614,14
594,736
750,36
118,513
234,17
501,814
786,330
0,715
363,212
460,325
196,718
97,18
252,643
425,804
667,382
885,633
17,783
611,6
491,991
903,571
13,143
623,982
310,270
502,430
127,571
539,369
927,173
467,243
842,936
255,102
514,897
142,153
563,96
258,196
807,36
190,35
966,371
710,246
946,654
400,160
923,42
319,654
407,207
796,49
486,887
1,694
112,948
70,877
182,47
773,28
859,681
937,855
776,712
802,522
815,861
751,324
650,259
466,990
577,282
9,866
128,676
880,45
456,618
63,695
222,892
566,703
986,867
372,367
876,995
285,738
132,283
22,23
842,79
690,636
877,905
530,105
936,703
308,390
289,254
74,958
43,221
405,349
436,704
357,989
478,485
73,421
26,995
617,384
144,777
149,685
549,407
68,767
450,974
653,173
23,669
49,317
575,704
328,162
807,459
572,997
654,584
188,728
722,384
121,822
933,695
488,558
465,633
99,981
144,48
221,71
706,301
914,1
88,230
968,336
661,384
413,718
243,845
612,777
500,987
212,307
73,964
364,713
270,753
96,975
762,151
572,466
696,948
609,511
70,834
79,149
714,247
188,853
711,5
22,307
101,578
841,948
243,12
285,492
418,578
855,978
436,398
4,333
375,362
779,521
998,53
840,341
303,46
590,153
870,937
590,832
490,338
97,459
818,698
923,216
630,385
822,424
7,568
674,758
119,436
882,631
143,747
93,573
707,973
526,285
75,630
282,148
867,847
269,600
781,683
295,681
989,595
988,889
393,354
144,977
927,659
425,568
717,721
615,907
393,248
253,358
325,420
959,567
413,737
8,647
400,315
743,842
587,909
232,551
304,144
650,457
117,573
742,242
584,87
26,791
456,49
848,370
147,759
126,964
394,625
793,960
646,707
670,328
113,499
973,849
432,992
523,823
737,989
29,477
6,947
137,593
656,493
488,366
478,162
546,195
169,892
587,495
8,503
638,148
611,135
763,371
686,352
675,445
125,438
915,598
113,548
482,810
909,349
387,134
220,508
218,922
159,101
503,204
797,634
937,734
33,763
232,809
664,178
226,371
25,957
51,806
61,771
336,408
840,517
584,974
35,455
197,210
962,271
928,136
233,482
189,639
314,384
631,82
350,785
10,209
721,915
740,967
446,744
494,374
561,928
403,288
591,878
92,155
961,127
217,896
931,963
328,744
200,92
796,126
443,23
904,342
529,357
867,275
316,318
603,798
773,322
211,520
158,994
459,557
575,36
589,917
354,23
741,737
857,600
282,457
848,91
661,429
356,587
436,302
277,392
680,488
813,9
644,675
450,820
859,481
763,721
719,987
30,753
6,328
905,251
701,780
47,79
469,853
58,481
679,886
214,413
836,801
16,430
816,555
459,232
575,319
628,671
736,491
353,513
764,774
579,178
476,476
46,496
287,479
227,682
689,480
146,588
895,412
917,964
176,443
498,665
975,881
443,668
705,48
565,248
614,16
253,741
424,861
499,875
918,823
338,480
673,908
693,329
86,649
407,447
892,378
196,256
214,565
105,96
261,378
117,742
250,659
333,376
913,426
13,951
433,233
516,128
801,454
72,403
257,762
556,863
282,309
921,751
493,566
852,617
197,35
164,364
731,921
455,992
991,243
15,836
47,332
199,800
665,269
336,765
865,813
85,981
9,705
604,662
819,460
292,347
852,199
545,11
500,503
598,500
249,387
702,25
550,19
928,581
849,733
310,725
137,318
791,771
664,605
187,261
740,106
556,977
297,386
783,315
719,866
177,435
506,656
984,160
515,91
54,915
555,219
984,860
381,569
814,47
650,185
761,115
702,552
683,658
351,433
130,682
61,611
442,399
653,287
123,591
892,49
919,474
662,923
819,125
653,259
708,2
667,853
270,269
457,705
839,368
506,388
203,555
931,29
206,67
47,201
770,406
154,175
68,289
457,411
581,483
587,44
298,539
213,603
550,195
839,722
835,8
291,782
689,686
79,974
80,262
281,253
653,580
215,382
143,703
564,991
635,200
745,755
115,553
300,331
155,590
132,835
488,622
516,788
17,9
276,93
9,610
851,269
716,90
703,164
38,289
721,776
263,628
366,405
790,673
444,830
848,187
519,647
745,117
717,706
679,748
209,873
706,525
716,361
95,525
77,667
652,221
906,168
741,968
784,615
183,288
872,49
656,318
161,873
565,876
874,517
617,319
373,6
876,180
710,328
412,860
802,438
136,810
982,64
337,350
713,202
233,248
110,364
771,236
950,98
316,394
444,505
885,134
176,48
798,253
511,429
104,749
98,29
213,88
35,227
173,670
415,728
844,413
30,879
758,92
665,592
996,80
187,756
918,139
595,777
634,892
23,797
775,865
536,975
379,139
584,98
564,15
219,438
135,388
534,279
302,621
365,323
484,221
884,943
55,308
8,420
870,836
226,118
896,982
426,816
676,821
82,501
937,837
576,122
242,850
243,486
146,58
947,3
233,987
520,552
136,904
666,698
802,165
8,206
861,797
884,456
680,287
630,124
624,864
387,125
304,71
474,969
342,249
717,327
700,890
653,888
929,883
172,889
339,641
845,383
965,5
513,925
508,574
259,238
422,351
580,499
192,317
956,316
105,868
651,563
722,175
325,45
318,33
116,146
405,321
364,207
329,456
550,634
982,437
166,918
722,676
229,920
195,101
702,781
688,259
472,521
620,147
893,511
882,861
178,104
957,680
146,648
813,70
103,599
906,361
585,671
777,771
679,634
76,700
658,811
66,245
773,483
786,775
247,679
972,288
710,615
619,119
73,30
231,336
16,798
290,225
234,379
961,75
877,167
913,376
167,88
651,552
428,918
919,838
300,564
501,630
650,344
213,191
833,624
141,623
193,764
670,528
813,907
66,636
105,151
603,265
477,782
278,531
507,228
706,170
834,767
168,891
270,258
609,475
610,68
338,396
672,998
524,258
660,110
398,635
985,766
274,785
829,790
850,933
806,479
430,73
734,753
395,866
916,370
629,524
103,342
620,533
347,272
99,132
868,713
936,94
81,802
524,694
903,829
973,542
79,878
365,947
332,945
152,484
879,954
557,690
312,715
61,796
76,615
562,354
902,931
323,637
669,542
624,662
578,238
408,86
110,843
209,609
455,74
428,533
621,23
139,641
921,580
366,638
614,136
627,632
629,12
943,61
17,777
743,369
938,877
869,747
623,457
682,716
887,321
941,820
584,559
897,552
92,3
806,851
503,676
775,942
677,143
746,410
880,751
224,986
810,626
612,73
160,992
56,165
188,742
173,6
144,396
8,369
694,140
800,681
207,713
286,543
24,817
347,213
199,509
773,839
945,904
158,167
509,34
738,572
802,464
148,662
727,485
937,561
945,858
886,688
16,603
620,547
524,803
626,185
993,796
69,511
782,760
29,161
803,362
946,14
272,531
962,925
166,466
175,987
123,769
467,228
890,126
939,98
283,913
33,752
559,705
828,802
511,570
464,294
952,881
890,995
237,167
729,641
166,485
818,499
591,858
710,524
202,997
145,288
688,494
274,151
461,153
820,91
589,285
721,727
306,204
777,567
722,541
763,502
683,820
753,115
782,434
505,740
155,199
773,332
296,612
33,468
109,848
533,34
825,721
431,23
500,648
543,88
912,40
139,537
4,922
609,529
565,533
317,488
794,679
145,279
563,590
696,819
991,754
288,787
822,902
491,421
153,389
762,327
330,955
21,761
105,529
27,975
671,687
114,325
625,94
302,864
371,294
360,245
730,725
786,589
723,728
434,337
399,323
667,24
270,966
161,26
112,225
427,830
528,207
919,697
222,236
466,494
745,379
904,419
555,473
74,843
419,368
418,771
941,198
129,795
506,9
691,309
970,689
361,660
882,854
721,137
688,431
372,167
212,790
222,949
728,767
379,420
463,414
282,318
555,879
255,671
900,206
382,365
814,262
713,737
143,375
984,505
833,586
448,259
441,884
644,441
602,416
807,130
438,395
494,403
255,256
200,746
338,236
504,26
412,817
903,367
942,450
146,685
126,803
560,57
394,847
523,311
79,740
879,738
890,576
136,383
953,759
540,774
607,745
302,99
361,92
145,843
568,337
166,199
675,841
612,491
664,244
712,212
244,218
754,340
273,763
595,796
697,943
885,397
234,969
304,471
292,842
876,132
869,997
596,601
101,545
729,125
665,857
981,946
139,434
67,640
464,49
275,73
51,460
627,384
203,253
50,590
930,282
651,928
242,237
281,478
318,539
303,23
192,902
294,497
718,724
345,977
319,256
474,821
208,138
824,689
853,464
974,199
332,345
713,319
745,534
401,340
146,363
817,917
345,653
17,621
27,689
407,951
524,521
398,772
110,660
998,109
717,32
274,465
328,918
925,897
684,211
775,994
131,903
621,752
552,218
187,101
913,674
847,795
523,497
793,944
494,288
674,250
127,171
403,228
780,583
576,273
923,215
535,67
680,53
748,375
824,874
808,459
524,53
210,759
724,960
198,950
718,612
291,934
832,536
805,510
997,296
986,437
472,76
978,726
537,887
190,293
866,122
491,535
683,863
353,888
58,596
672,517
825,711
987,37
337,936
79,105
983,435
443,274
267,974
875,888
134,236
455,703
859,148
480,716
468,336
794,946
270,336
170,825
862,636
268,688
847,254
451,483
802,619
511,832
146,546
550,456
458,291
344,835
918,411
265,851
896,939
807,788
283,385
872,697
167,318
447,173
241,761
677,49
509,144
527,225
430,380
92,444
764,750
555,508
914,530
301,700
83,489
616,649
808,678
830,190
816,787
303,161
451,430
66,588
230,461
984,280
172,618
998,977
506,813
987,241
94,36
298,564
111,728
390,867
182,27
77,515
214,96
888,386
184,183
118,906
840,499
747,156
315,258
54,881
719,127
817,849
915,424
743,116
565,661
22,504
820,982
438,700
73,599
193,24
468,13
712,148
405,80
325,353
688,961
373,347
164,96
610,855
985,742
406,526
896,626
324,241
903,981
636,138
831,331
337,771
245,944
86,560
122,336
806,685
139,18
162,774
543,437
231,539
199,198
15,64
225,771
654,995
523,329
182,833
679,751
361,435
561,573
22,563
355,898
634,82
379,3
667,322
24,686
812,859
645,679
567,255
460,631
209,425
184,115
2,359
763,192
446,996
424,729
234,926
439,824
272,453
222,499
756,658
334,940
270,646
146,296
12,381
209,226
349,574
496,442
243,744
231,839
691,938
316,938
833,615
286,773
463,345
681,725
683,723
573,709
117,293
763,961
647,232
910,286
853,950
951,949
866,387
236,110
878,948
9,703
455,148
379,597
569,437
532,312
946,391
988,787
609,738
922,878
443,997
415,934
132,677
487,486
751,971
348,769
44,39
996,912
651,42
276,335
783,863
129,660
404,261
877,547
393,797
93,146
81,130
636,745
586,777
752,485
75,201
900,558
397,405
682,772
100,631
247,552
23,225
173,768
476,112
303,939
760,456
327,761
148,936
184,341
660,621
38,812
323,298
54,782
38,586
441,969
227,792
964,873
775,461
627,67
217,995
651,274
88,294
983,116
902,747
207,321
752,182
372,511
401,668
849,512
323,618
803,109
63,481
96,873
263,875
240,861
390,990
260,804
425,442
245,415
248,317
968,511
767,167
728,364
848,506
922,504
56,357
928,649
328,413
252,236
307,864
665,69
274,400
139,590
355,219
486,878
153,275
701,37
130,551
614,13
338,20
105,414
743,841
581,545
622,363
941,982
956,155
944,971
892,505
733,939
154,817
127,236
627,72
908,57
526,450
557,582
342,325
862,341
553,952
954,3
850,538
930,792
118,450
764,128
687,30
35,43
111,353
72,666
532,267
395,657
291,725
901,78
221,752
967,257
140,796
471,374
492,942
281,447
602,661
974,407
863,887
958,936
99,204
995,951
316,473
517,839
314,233
285,122
267,621
342,340
806,367
951,143
594,285
615,896
637,594
295,870
170,600
784,828
661,531
250,533
356,609
391,717
471,521
868,860
349,70
225,278
517,704
973,522
532,342
312,501
124,32
838,131
118,503
371,847
764,486
611,417
645,985
817,606
248,717
403,20
820,663
260,539
591,318
185,700
993,855
76,901
664,253
478,375
123,657
847,260
264,814
309,584
295,693
310,628
295,881
381,944
898,894
92,63
884,559
748,245
475,65
929,253
740,522
791,435
930,219
514,251
977,732
881,144
931,709
204,986
447,165
636,634
484,797
224,239
44,771
468,5
695,753
890,567
744,175
227,170
904,326
170,568
962,723
177,342
637,313
516,200
222,605
435,928
859,45
569,838
939,970
879,564
503,773
535,499
678,725
189,998
134,972
568,143
810,404
560,49
945,683
704,811
464,716
580,615
858,481
501,142
472,358
336,664
570,948
150,402
986,947
697,492
760,80
679,78
610,701
252,329
742,318
237,275
361,892
386,585
27,203
575,132
486,885
855,799
102,238
341,235
774,423
765,785
964,735
41,512
814,921
230,632
750,25
604,19
9,480
711,694
422,753
907,335
500,139
93,87
470,82
873,446
359,392
96,723
881,701
509,792
464,735
819,213
650,278
366,464
194,757
761,7
671,74
844,825
352,84
355,681
128,424
325,681
333,54
756,690
968,776
826,835
305,849
800,55
678,634
619,821
86,816
394,841
34,479
64,163
544,8
169,402
735,354
755,603
885,173
124,475
996,497
66,208
142,332
70,869
245,149
569,724
469,391
739,842
371,472
265,252
594,290
131,503
50,332
340,333
794,615
49,650
86,414
814,218
122,486
163,218
448,550
164,546
474,354
210,923
117,41
33,712
917,527
782,103
857,878
641,899
244,605
19,887
891,28
940,36
426,368
225,631
60,816
777,20
548,627
328,224
543,459
910,263
131,24
437,277
42,899
150,503
397,176
335,876
617,412
348,209
297,906
833,548
704,310
110,130
949,245
594,718
24,588
698,625
743,430
523,516
638,555
869,73
953,745
294,280
155,387
540,484
475,805
892,933
617,351
522,17
971,319
183,300
699,951
647,742
4,999
370,18
119,337
329,127
903,735
129,167
958,254
642,728
871,342
679,2
118,955
536,599
431,151
528,804
332,764
455,963
790,97
766,390
660,523
686,784
596,948
736,865
582,630
160,999
301,974
237,818
192,121
509,863
964,882
520,393
83,379
337,514
143,990
327,289
34,27
640,417
108,45
882,766
559,340
503,119
127,174
107,897
948,389
756,678
646,719
464,222
818,990
956,63
472,148
844,55
125,777
320,463
612,856
443,271
338,46
524,425
431,297
803,713
615,746
548,698
653,328
413,879
270,488
774,19
598,393
957,545
966,997
926,515
680,974
767,519
61,828
333,560
995,701
605,828
606,903
643,473
868,682
13,976
473,272
983,193
665,289
115,390
257,437
446,362
872,736
39,653
306,59
775,808
402,255
962,322
174,267
766,385
664,606
57,591
628,758
216,450
868,475
430,704
287,803
114,151
505,918
638,306
306,390
419,774
654,222
76,987
203,636
528,212
589,392
30,426
254,151
253,508
503,64
584,481
203,765
505,455
870,93
394,340
116,412
131,597
943,408
48,64
944,111
392,307
342,748
905,492
346,790
752,980
835,921
95,362
116,46
680,881
702,413
216,919
303,945
337,995
711,417
773,55
293,259
81,62
832,303
309,52
412,389
319,36
178,258
919,126
194,982
394,376
253,399
525,93
635,80
687,450
210,403
611,899
182,200
444,263
299,359
294,92
765,375
474,855
551,220
794,976
221,442
350,321
740,643
53,269
580,229
632,561
319,324
367,504
619,202
955,489
134,537
257,332
77,982
943,947
934,689
696,258
840,779
444,113
109,850
617,164
978,414
692,256
606,593
633,913
813,866
673,607
464,607
157,281
83,662
89,831
36,424
373,373
721,854
494,382
545,451
699,224
396,719
556,639
333,66
327,514
124,815
820,686
35,221
893,288
820,740
576,160
565,575
442,78
538,886
593,503
126,846
402,320
778,44
696,394
959,997
324,446
658,421
296,640
41,283
897,817
646,111
148,777
84,954
36,14
879,275
405,632
162,858
947,608
70,479
74,407
413,256
559,260
584,930
333,918
19,555
195,936
854,770
916,32
366,647
319,706
55,990
976,605
476,927
252,117
463,612
351,543
58,30
750,996
982,73
818,983
537,712
170,473
607,180
900,736
852,809
65,393
11,777
758,188
114,294
548,72
731,825
961,925
354,897
52,660
9,570
539,253
529,217
665,261
159,177
530,75
916,163
564,836
461,362
155,424
725,898
203,843
738,479
987,422
822,746
709,574
293,591
36,304
616,101
166,899
498,686
397,920
357,243
102,582
709,788
938,803
521,286
707,352
769,568
516,526
653,356
890,88
248,777
306,196
527,14
818,200
332,108
609,117
251,158
435,300
328,48
339,121
511,566
785,72
710,575
999,268
843,224
208,843
746,60
834,394
359,427
679,296
121,816
748,381
134,16
906,594
878,327
176,595
392,356
406,24
805,516
778,728
937,907
952,366
290,843
679,141
326,565
411,907
376,704
39,32
360,930
289,74
384,621
468,737
490,883
799,254
148,667
754,567
556,379
118,315
555,960
693,244
92,349
33,601
288,818
296,620
87,285
338,958
185,994
41,575
273,524
735,483
21,809
167,717
498,18
765,721
443,277
970,272
969,488
115,309
375,57
229,747
45,420
44,321
31,25
717,378
453,779
850,468
634,549
545,730
607,508
997,369
780,75
163,51
471,601
291,847
961,630
847,901
338,24
561,837
519,838
926,619
214,382
81,43
966,475
166,744
857,867
998,975
601,978
293,332
239,9
711,775
508,280
69,778
161,74
840,400
992,390
449,740
437,747
181,180
611,721
433,201
537,226
264,134
994,143
710,516
588,347
290,814
599,851
861,288
546,131
697,583
28,336
353,219
19,666
215,327
753,790
743,58
395,894
528,601
535,266
667,170
37,291
472,95
320,427
549,339
894,654
276,778
197,962
185,58
723,198
744,886
615,662
332,674
217,95
360,953
283,221
857,289
960,899
926,558
419,620
774,800
213,370
994,845
974,515
915,631
852,21
804,391
573,664
663,965
493,388
812,694
738,171
345,729
733,643
860,782
947,144
213,494
651,538
90,493
685,853
250,8
494,144
776,914
129,418
143,461
890,535
714,916
504,354
295,971
556,251
496,964
417,55
611,749
195,610
377,612
496,855
963,298
18,909
900,507
301,733
4,729
345,128
353,385
143,2
405,223
521,109
302,737
343,932
971,959
486,164
59,357
316,811
508,559
421,452
941,254
192,848
838,166
611,933
330,598
360,63
647,551
648,471
709,828
843,937
875,840
392,544
879,745
653,139
835,726
557,251
923,209
97,768
654,287
322,480
207,817
776,838
58,51
85,161
340,351
471,430
814,935
1,997
159,433
800,579
328,114
948,384
390,428
860,390
863,709
958,409
903,290
88,527
812,928
794,385
51,967
609,623
108,174
950,259
769,443
991,988
192,816
360,867
888,59
205,554
480,671
13,812
23,313
564,580
210,726
226,688
530,262
88,506
348,402
904,276
809,66
328,809
321,159
630,599
439,577
16,959
447,20
742,396
156,826
112,568
156,521
286,777
780,500
414,674
971,397
636,318
835,451
189,522
566,613
205,287
897,370
607,379
691,28
614,184
718,289
267,722
634,3
596,482
849,905
838,907
193,503
139,629
117,692
20,31
528,687
697,996
871,917
720,914
838,910
5,54
735,363
368,523
435,212
380,450
897,135
279,753
585,385
172,495
442,980
191,558
450,392
950,290
93,565
303,896
505,28
450,160
330,787
171,584
95,219
988,197
288,197
919,567
592,286
368,539
679,784
392,488
329,651
290,38
353,760
963,951
514,79
300,612
395,176
889,571
21,484
208,756
491,301
408,976
292,407
82,979
981,76
237,266
786,186
446,687
189,961
238,828
742,310
350,828
981,877
779,375
885,290
370,189
308,730
725,903
946,147
369,887
459,65
362,477
355,293
252,881
173,860
11,148
328,121
851,932
461,750
726,391
503,614
548,546
61,803
909,191
509,51
980,376
266,359
129,748
613,635
536,700
162,400
842,130
239,196
356,178
500,69
508,53
234,541
341,910
243,876
491,101
939,171
611,774
529,99
973,17
220,479
481,867
691,698
758,587
62,11
53,684
869,504
774,187
146,871
440,282
638,423
985,178
401,444
332,594
601,449
627,41
469,858
888,317
996,996
324,132
674,467
853,880
322,914
158,145
277,434
754,496
451,782
660,999
613,861
434,70
263,897
457,755
72,139
622,575
681,192
673,0
352,752
690,230
195,895
237,660
554,185
681,176
801,512
743,600
656,53
990,743
867,126
994,142
632,230
960,270
371,124
363,583
534,923
795,282
365,759
403,472
907,10
140,906
175,109
331,148
773,263
282,9
100,696
792,7
870,584
119,136
319,238
316,606
923,288
588,128
405,781
639,490
479,313
418,363
110,277
331,737
482,871
822,791
185,335
726,780
677,11
504,110
569,848
470,803
190,540
89,286
199,387
356,40
950,558
57,180
440,947
289,105
503,699
834,487
188,459
577,332
983,724
383,168
640,495
443,735
945,426
197,361
317,695
814,204
686,876
442,117
77,120
121,345
369,414
35,487
702,668
184,628
126,564
221,996
385,908
282,968
370,131
569,124
123,423
820,190
643,799
616,19
575,332
664,11
835,978
826,876
401,89
15,84
381,502
740,91
20,861
8,907
972,19
1,544
760,683
438,304
884,163
463,570
78,50
501,704
91,898
221,810
116,406
215,134
945,252
28,709
579,771
231,431
15,412
346,949
205,617
451,722
519,97
622,51
822,978
299,239
694,645
187,57
329,534
639,838
986,599
456,741
303,391
588,824
298,247
737,79
236,173
594,389
264,317
659,494
81,195
766,918
117,795
113,679
4,669
120,674
72,754
313,412
989,552
148,143
668,193
9,160
513,882
261,904
101,763
373,874
848,50
968,688
274,286
183,523
518,390
628,289
978,484
845,947
341,336
843,436
662,755
146,630
21,264
154,481
739,127
912,831
380,301
118,542
770,240
460,15
665,811
728,489
454,186
706,413
559,823
709,364
314,514
820,229
932,408
117,526
20,548
539,9
447,984
704,692
148,872
201,616
247,839
890,276
532,301
930,272
15,781
329,777
608,358
986,805
478,885
718,77
668,427
677,146
769,583
881,409
798,671
633,894
503,671
822,17
985,542
109,554
46,746
916,60
649,589
896,646
917,705
193,204
457,462
745,311
286,519
404,855
716,116
354,518
636,560
325,226
659,129
144,365
389,551
303,13
78,917
10,752
643,78
851,250
694,201
730,991
516,373
217,855
421,697
522,250
315,442
813,83
670,825
913,617
173,390
460,226
848,722
474,840
862,339
964,974
341,358
322,586
399,316
917,44
819,773
265,652
847,313
679,348
905,172
183,112
267,686
623,624
853,787
262,119
757,895
335,37
764,791
59,375
887,199
86,399
104,21
286,905
458,439
500,290
400,705
245,918
863,0
922,796
623,507
688,298
665,463
254,995
425,461
83,671
641,341
216,720
522,492
125,914
202,698
149,455
185,265
432,265
440,959
989,384
35,649
317,76
647,636
979,379
910,400
129,12
458,951
239,179
564,879
773,348
258,354
649,247
138,467
166,119
378,725
948,506
612,752
20,953
941,339
805,15
231,627
861,100
731,503
1,48
724,464
409,469
877,695
574,264
69,548
234,459
585,164
455,487
72,52
972,470
332,934
272,112
511,97
605,678
228,620
219,800
339,217
994,971
25,567
425,505
453,710
819,418
301,836
535,52
116,939
617,477
295,816
265,957
928,892
42,203
74,474
58,529
316,165
652,67
492,873
481,868
432,495
375,273
428,351
4,121
271,361
50,514
723,341
124,614
248,730
202,459
355,941
341,959
193,621
657,256
565,762
232,498
490,206
856,194
812,802
74,866
289,991
744,322
327,914
498,175
624,656
576,23
397,610
838,423
367,879
320,885
443,233
58,725
572,618
198,240
989,155
310,993
131,391
127,568
704,159
389,989
844,548
322,401
735,91
694,967
502,828
758,546
337,823
424,590
548,506
683,807
239,215
957,827
968,951
750,807
187,233
540,380
122,180
642,919
18,89
477,447
667,991
987,629
878,650
308,44
172,151
37,686
95,325
148,699
316,81
184,168
685,539
952,313
610,181
840,531
927,946
696,594
564,758
184,159
592,31
464,37
10,607
35,904
706,317
753,994
209,723
385,469
562,562
940,591
940,849
686,92
569,22
671,724
344,562
740,153
576,326
739,289
519,798
34,102
603,904
132,827
960,520
477,665
828,371
776,128
883,270
339,353
790,485
678,657
470,647
739,968
960,619
153,461
930,296
107,344
304,289
310,588
363,968
249,231
837,458
421,413
777,527
991,25
687,456
985,506
246,576
713,238
241,806
883,962
781,335
456,962
826,324
279,273
70,219
765,234
471,869
117,532
712,46
675,104
219,345
47,45
664,69
122,540
512,930
626,964
667,801
455,662
359,286
866,935
759,273
525,564
371,94
882,4
187,252
963,453
692,370
713,44
400,727
399,320
69,525
148,141
250,761
107,739
95,43
295,700
623,58
681,641
141,691
410,193
932,86
838,338
77,78
375,491
11,989
724,650
57,930
17,298
340,729
555,225
476,319
921,735
128,354
315,95
656,320
37,111
857,396
606,228
457,922
78,605
188,321
505,936
423,800
643,358
577,822
56,302
117,263
780,494
91,907
308,201
230,741
678,921
323,753
388,52
693,666
581,269
723,109
600,580
875,80
883,413
124,820
226,964
490,196
898,221
301,213
379,365
65,420
554,263
69,580
293,897
181,705
629,85
234,736
190,698
654,396
871,648
387,847
153,708
187,350
857,26
501,920
981,639
797,223
104,822
336,416
2,975
426,309
999,922
969,91
939,949
113,66
272,923
410,79
896,278
947,414
773,735
279,512
371,441
5,208
601,356
736,661
38,961
893,874
629,745
181,373
416,619
572,54
319,449
781,797
486,322
913,798
650,490
417,917
776,788
616,663
855,61
423,509
248,96
449,871
416,451
731,414
727,176
838,209
774,68
826,282
497,273
997,294
738,483
103,793
833,526
138,565
411,208
402,500
468,163
211,791
893,813
412,642
608,314
634,121
827,61
211,563
612,668
474,196
813,219
560,861
440,484
601,63
915,590
356,39
525,580
910,246
4,413
544,604
976,938
206,288
522,9
485,420
906,669
86,13
773,830
863,706
178,882
149,549
388,784
642,959
866,555
943,685
250,323
219,634
408,350
124,628
809,749
338,334
513,358
886,132
916,583
922,381
973,442
122,78
447,964
988,52
678,637
772,905
622,850
42,603
35,442
60,19
801,532
560,569
318,984
954,97
246,241
680,142
186,314
534,273
93,13
561,493
988,895
638,358
712,732
96,401
215,530
571,310
872,436
713,316
945,961
872,164
515,239
479,398
474,371
664,90
849,871
582,788
504,474
346,289
371,261
749,635
626,605
65,696
650,304
943,602
376,143
562,965
712,130
748,730
713,987
961,737
211,344
143,864
232,245
601,534
418,256
851,682
262,108
870,323
674,651
978,973
754,713
276,153
588,194
326,762
592,285
211,724
849,756
386,471
986,186
257,792
786,650
771,249
736,287
109,515
232,721
965,46
765,367
230,968
475,706
612,912
225,368
956,390
77,379
299,687
169,356
31,609
654,731
244,420
996,64
854,11
660,648
520,238
93,108
578,392
349,229
262,317
307,220
732,5
722,285
994,465
14,312
617,451
761,872
850,258
676,817
168,735
121,330
593,665
312,36
74,54
990,132
211,918
695,251
125,400
385,477
84,593
62,426
706,390
466,328
969,434
928,634
238,72
476,619
177,300
832,591
449,598
995,906
605,267
880,390
861,52
227,633
871,765
891,697
554,798
461,845
244,495
726,431
828,651
388,618
392,476
941,806
408,294
831,52
343,217
654,587
573,163
413,185
96,111
740,873
841,583
804,132
231,958
304,399
743,102
786,624
535,687
923,266
72,907
530,967
276,509
829,473
714,270
607,609
378,219
400,894
68,910
204,580
381,483
868,124
991,47
827,677
343,163
172,375
438,642
211,823
10,135
82,45
62,713
801,496
58,14
375,115
876,582
772,931
913,771
876,328
618,261
378,240
778,245
37,783
878,804
589,925
90,336
111,542
631,757
37,849
170,969
441,131
254,479
618,27
407,842
260,666
447,931
955,855
61,516
580,948
605,904
795,529
501,793
195,747
927,591
656,57
518,164
951,639
709,9
31,371
527,3
360,579
692,878
921,19
914,212
659,91
586,809
218,250
275,278
326,860
995,384
597,709
811,134
880,502
184,863
255,400
371,12
705,185
284,117
855,432
195,799
780,993
412,829
386,494
716,228
925,526
594,66
531,927
876,378
458,103
916,614
649,993
639,173
953,889
441,35
337,181
85,689
173,352
446,150
702,517
914,240
878,486
640,877
291,402
643,324
880,65
929,103
987,664
654,531
696,731
68,620
734,998
975,480
334,565
810,419
2,16
126,269
704,278
521,824
981,542
253,467
615,923
678,352
796,136
223,521
76,473
580,450
988,764
116,851
402,883
628,309
682,676
953,380
230,101
863,48
254,630
527,744
331,234
175,270
499,587
627,717
538,332
296,418
754,841
679,679
957,972
194,196
881,633
906,67
675,962
542,475
101,546
267,409
659,789
940,992
8,987
988,991
120,907
628,499
990,327
441,160
506,20
232,935
94,168
970,558
147,632
76,731
630,889
738,338
658,258
144,392
809,637
147,999
943,752
809,119
481,578
265,555
555,50
971,235
786,615
274,934
246,590
743,189
487,645
675,581
407,90
254,237
386,779
558,923
391,713
818,398
478,515
125,121
715,212
406,252
378,341
624,984
365,998
67,45
192,210
653,214
553,593
52,937
813,654
385,523
380,680
712,867
817,180
887,993
662,791
819,140
597,353
330,425
580,661
633,896
791,927
78,507
306,627
36,812
497,559
350,52
677,665
128,323
249,877
897,194
18,773
94,473
748,214
70,230
887,366
575,448
531,562
452,884
150,59
304,321
355,62
28,782
195,497
133,339
675,949
940,345
167,977
840,313
504,861
804,943
611,953
371,552
489,924
631,579
669,975
183,804
200,159
289,346
308,832
388,849
722,470
662,702
39,124
576,559
218,318
226,182
799,176
197,176
369,88
529,77
176,753
378,622
355,397
802,116
400,905
170,185
762,186
413,817
252,703
683,537
755,499
545,786
121,81
861,242
708,182
26,904
604,827
595,917
45,861
566,680
156,802
322,704
971,958
992,915
863,240
793,253
725,745
458,583
577,789
154,427
118,138
633,315
630,934
20,832
910,384
760,267
616,632
12,538
912,418
379,361
720,87
896,316
793,234
38,935
660,164
171,974
567,979
848,730
614,714
702,626
33,606
582,603
25,737
313,943
260,434
970,384
592,408
1,35
188,246
517,393
601,392
434,756
346,583
12,394
691,48
903,243
79,595
782,244
804,917
124,733
854,752
837,231
69,807
415,235
75,35
347,802
822,596
198,675
452,908
128,779
410,987
923,196
403,125
596,289
232,420
414,503
66,974
786,555
863,482
260,24
106,48
570,453
782,650
527,249
44,517
801,411
174,942
821,254
215,793
865,927
385,858
995,665
794,92
32,959
115,686
97,977
176,74
460,604
608,877
151,558
818,755
404,942
491,293
944,779
117,853
53,90
211,906
530,978
72,417
446,695
568,243
602,181
918,881
337,12
943,180
10,221
330,466
141,195
724,532
787,939
241,797
354,59
599,717
486,79
242,918
327,438
779,849
65,239
344,379
621,910
332,616
865,954
425,200
143,183
16,136
901,574
979,762
509,491
632,584
961,760
207,358
232,226
631,133
32,493
749,455
246,893
401,75
48,60
101,551
390,361
752,71
28,226
57,536
784,63
827,985
320,188
882,422
60,102
628,471
848,975
856,52
288,958
84,204
79,37
341,242
370,411
337,271
75,63
21,339
103,575
944,716
94,190
197,947
705,925
537,945
368,403
462,262
5,678
910,432
901,851
732,39
801,610
439,658
188,150
212,652
746,174
50,470
84,579
76,630
254,609
919,218
532,975
613,212
593,864
959,271
749,472
713,144
577,567
269,90
5,965
200,414
994,24
688,513
566,765
730,793
250,325
717,861
71,420
804,28
983,677
653,774
564,498
156,604
657,177
763,786
616,670
394,851
407,868
707,508
333,94
752,443
720,730
911,473
914,561
200,108
596,361
111,929
439,411
250,47
37,889
652,123
85,257
568,117
197,817
873,373
570,244
393,829
546,361
931,489
708,236
653,109
412,371
800,153
895,981
70,475
188,917
414,88
224,839
990,952
885,828
742,227
131,293
253,742
254,214
249,382
449,360
519,956
904,773
866,141
982,226
121,387
384,288
872,467
11,797
653,270
299,336
459,871
129,156
157,878
507,437
474,27
563,49
357,804
493,165
626,771
338,19
942,270
918,778
801,466
230,228
608,178
541,800
699,669
856,181
943,240
290,780
434,927
604,73
775,777
859,781
656,56
798,246
904,742
166,951
799,531
749,4
939,83
918,388
137,724
421,54
558,487
767,136
430,348
119,833
618,971
784,196
47,366
145,397
975,589
734,377
254,517
86,827
904,270
828,480
762,314
74,608
616,601
431,998
289,377
231,313
136,975
868,889
140,545
981,47
636,190
195,147
817,812
626,585
529,836
704,721
991,538
46,651
108,307
46,281
540,735
897,601
95,129
783,167
734,715
212,498
980,701
611,38
507,530
131,110
649,511
625,988
339,37
154,202
447,237
528,308
444,667
415,808
219,996
665,933
127,866
683,334
947,13
713,822
334,613
733,34
581,292
332,925
170,550
29,849
842,895
925,417
155,687
817,149
516,60
153,296
446,195
918,160
53,655
728,471
978,195
245,246
101,257
577,581
456,944
27,944
319,933
166,813
151,54
403,984
566,356
145,24
512,194
831,358
455,95
754,54
465,772
947,418
948,215
60,314
153,220
636,955
224,412
784,670
204,196
162,815
397,660
726,336
755,779
871,368
967,108
330,84
180,591
754,951
339,97
521,211
985,100
562,751
936,683
597,22
391,901
442,617
424,355
365,284
606,223
302,1
856,737
894,388
368,857
277,281
313,123
163,471
127,585
377,348
558,142
607,886
27,412
862,46
787,194
60,370
816,728
118,600
783,848
142,314
415,193
460,596
195,252
7,804
123,49
363,175
742,889
625,804
224,354
16,222
883,396
407,711
338,820
405,144
553,967
913,347
984,110
119,36
407,789
363,624
122,293
725,288
581,808
336,291
306,701
382,616
434,948
366,165
277,326
456,974
104,272
697,955
170,265
485,260
711,98
96,263
112,309
317,434
215,316
317,712
777,555
799,453
799,574
379,589
435,722
924,975
196,101
490,577
734,210
336,444
701,162
132,103
396,501
986,436
15,172
91,174
543,170
997,390
23,892
230,431
156,815
58,541
760,422
985,215
971,911
545,361
273,203
62,745
732,413
941,206
570,177
476,45
462,741
392,473
52,258
177,250
485,315
297,954
734,119
395,829
630,271
820,571
945,574
840,856
965,824
197,550
990,427
834,616
617,755
884,547
924,506
718,646
159,699
13,604
519,401
43,28
723,717
342,184
308,680
219,828
369,801
301,283
81,633
350,789
422,273
828,484
530,644
11,707
158,75
32,299
745,450
869,931
454,954
192,575
493,443
670,495
756,90
884,911
91,232
855,773
695,490
17,158
359,926
66,436
956,710
354,771
312,754
719,739
12,811
600,677
890,510
848,782
201,734
921,448
682,869
768,45
743,173
523,448
229,68
635,838
323,708
39,365
441,245
316,883
198,770
471,884
824,844
594,45
753,563
198,794
523,372
131,736
457,833
281,547
100,813
744,931
957,533
994,768
958,886
390,238
729,381
540,909
542,72
532,192
600,419
391,525
658,471
795,184
996,95
553,380
178,744
4,995
556,208
145,148
442,736
193,122
49,124
97,671
545,974
454,249
654,841
114,339
652,749
320,223
302,7
249,513
683,506
219,848
253,391
284,118
963,848
398,491
729,423
588,996
142,660
588,625
725,893
411,737
32,791
942,505
904,50
722,695
807,230
30,676
664,801
580,488
542,740
894,218
810,270
184,895
47,764
385,787
723,771
566,55
272,217
326,140
542,827
713,51
840,198
251,232
36,549
381,564
795,807
208,631
705,694
187,923
821,427
7,917
978,661
893,830
917,696
564,435
567,557
893,6
631,893
574,346
545,653
486,330
365,627
156,205
545,430
261,42
691,239
570,573
714,24
269,509
574,108
793,884
680,499
236,758
800,302
197,706
861,176
753,734
959,960
408,547
200,555
426,650
380,910
415,845
63,366
967,715
223,331
649,252
816,138
616,810
112,786
538,998
349,133
91,153
627,400
209,376
445,157
434,90
268,21
657,586
349,512
489,653
198,904
13,550
693,622
319,945
224,985
54,826
937,967
279,840
770,598
89,952
12,836
589,895
644,104
197,975
605,329
919,43
922,852
137,77
672,605
751,154
42,887
43,115
267,103
903,745
825,208
556,216
922,267
33,808
328,678
138,399
49,837
290,991
400,529
349,153
251,894
332,948
435,365
228,275
156,537
675,429
62,47
102,328
31,398
452,685
618,48
643,362
32,311
81,811
966,900
557,395
29,40
770,368
368,687
742,419
975,773
139,70
5,26
978,398
61,39
823,53
366,414
748,428
396,383
471,822
141,814
36,939
906,843
998,81
907,552
478,111
1,736
734,681
478,647
566,734
618,484
547,68
476,890
64,712
692,164
598,85
679,255
419,863
730,898
387,417
824,667
541,330
859,35
187,637
142,550
502,536
450,759
381,45
377,241
353,340
305,65
16,122
184,128
881,874
179,67
957,677
42,616
902,620
418,63
417,603
853,288
580,394
459,224
791,609
541,439
435,412
531,463
113,458
778,863
53,277
906,60
447,427
967,898
343,889
948,428
10,567
348,81
756,973
469,970
740,306
19,437
477,506
726,70
990,525
479,300
89,737
119,19
538,778
195,595
884,291
196,908
933,532
182,75
239,890
748,404
721,465
332,62
214,952
856,832
944,4
323,248
914,651
336,875
950,933
187,887
492,723
951,502
542,294
11,209
454,453
486,861
854,908
881,6
988,613
21,289
197,576
506,648
265,366
633,972
566,959
938,111
991,529
330,582
784,803
819,803
383,894
363,965
702,75
394,899
809,25
958,412
929,140
268,79
352,806
279,641
94,749
862,682
565,621
714,824
609,764
357,102
623,468
476,38
873,418
856,950
209,994
353,623
799,887
458,254
52,104
208,263
892,861
564,189
717,530
35,622
837,266
100,382
565,584
787,78
968,502
52,521
1,291
960,695
719,196
422,549
433,680
310,559
722,17
717,90
6,336
916,908
270,967
522,532
441,316
854,579
419,893
282,737
966,303
689,279
719,648
27,514
887,547
808,418
294,772
694,170
456,666
42,505
341,249
252,353
972,597
653,510
217,222
260,581
131,982
657,457
793,383
598,328
73,12
822,184
931,993
701,792
681,614
893,962
553,375
286,434
985,165
971,552
24,905
747,832
698,267
610,86
712,588
115,321
573,687
60,155
191,437
864,379
975,622
12,52
735,824
283,840
457,819
291,697
721,657
190,432
70,186
108,92
819,457
748,506
375,388
976,992
618,271
858,145
406,133
771,181
927,422
945,794
11,873
294,36
593,245
824,451
385,348
645,902
520,672
957,90
794,852
768,983
263,390
346,186
184,949
375,496
266,949
476,845
535,341
376,201
675,369
578,614
683,144
201,29
154,345
759,505
584,821
44,241
306,861
69,2
186,687
873,966
10,379
677,841
958,55
485,199
160,747
464,916
942,114
345,182
470,201
550,594
287,457
354,106
394,457
119,66
773,593
788,719
425,702
6,997
463,369
340,64
141,336
160,855
607,187
645,690
638,137
469,960
824,108
482,304
201,382
539,102
987,809
215,159
148,326
331,558
826,495
350,349
909,914
993,574
454,133
571,336
861,648
43,127
881,510
915,473
255,236
448,992
479,958
75,107
801,523
192,875
709,893
914,983
654,795
964,529
331,717
892,566
368,504
140,775
685,709
165,41
939,789
99,715
130,628
439,789
837,799
904,473
183,55
186,944
682,989
840,918
151,947
182,797
686,708
528,984
248,467
689,515
425,290
917,664
763,478
189,195
643,526
59,11
485,441
348,805
622,886
943,818
5,695
56,57
847,913
605,978
302,749
678,795
815,484
434,473
115,529
167,73
483,336
305,93
939,895
715,2
450,746
713,80
333,197
715,109
558,155
250,314
386,235
244,357
47,625
20,563
196,458
772,819
205,755
71,999
897,54
387,406
232,598
759,212
362,998
310,532
729,181
821,782
150,77
369,322
130,558
870,139
760,344
193,504
260,166
464,713
296,90
305,846
648,420
927,115
626,114
781,315
325,140
723,591
345,404
417,517
143,799
791,316
846,820
536,197
624,98
606,990
917,960
392,133
824,833
920,975
932,4
6,113
389,824
393,390
422,848
878,877
129,711
736,676
127,813
575,978
643,862
821,117
856,587
528,765
556,594
500,558
261,518
778,835
237,157
726,189
645,320
644,196
890,538
713,206
788,255
617,974
877,163
627,703
206,152
292,192
164,960
926,973
994,665
825,852
974,729
557,322
675,771
392,716
97,86
532,580
836,840
259,50
28,525
529,650
759,591
870,734
460,986
334,816
963,507
763,880
889,390
809,220
108,564
331,451
703,16
783,615
430,72
47,566
906,428
584,276
775,338
375,905
735,474
13,249
27,730
307,509
330,42
270,69
126,584
333,364
164,369
542,586
117,71
633,261
259,517
756,445
170,199
788,119
502,765
489,564
509,398
692,439
581,137
48,740
443,141
718,783
125,213
20,456
930,374
595,217
303,642
74,809
765,578
160,588
986,695
503,24
928,381
662,188
669,729
463,686
50,117
56,888
676,759
75,515
898,507
100,268
907,665
113,326
864,285
693,641
477,742
109,327
942,244
10,57
950,568
545,994
543,21
450,248
503,297
869,738
717,559
518,208
882,511
912,964
931,451
828,750
381,771
241,840
366,94
781,562
866,322
777,256
482,205
370,882
335,387
49,737
910,450
499,617
30,178
756,623
9,342
195,576
820,605
487,686
717,736
714,829
484,451
614,448
491,121
18,275
109,305
518,507
374,776
821,843
624,717
615,511
870,912
930,917
697,95
31,7
919,9
767,422
258,437
46,623
345,846
151,408
954,648
904,670
205,237
695,924
599,60
323,118
231,853
734,568
483,314
227,982
436,565
78,333
184,268
27,85
19,303
879,205
44,43
766,622
374,530
409,126
658,358
94,613
855,117
8,903
694,25
172,765
392,403
491,260
310,657
592,830
932,551
802,298
19,198
718,311
225,572
253,18
199,926
90,58
386,898
213,75
983,368
21,687
582,467
455,422
430,532
242,334
311,340
178,190
196,27
365,681
670,365
154,247
948,878
513,541
320,189
110,851
467,917
624,720
796,634
251,425
580,788
945,712
579,487
432,377
125,647
876,741
246,77
342,405
303,780
306,281
714,505
73,18
822,41
394,965
662,269
805,796
994,644
491,338
558,270
562,440
155,998
871,644
3,373
477,394
46,732
79,261
216,423
557,906
624,906
274,2
750,101
654,744
795,575
131,682
136,646
715,971
38,860
701,19
192,862
656,676
387,724
266,735
899,310
135,902
387,193
762,633
368,84
240,349
712,419
690,172
947,700
940,634
577,61
827,616
20,215
601,397
122,747
507,287
920,492
413,545
779,372
226,25
625,289
862,654
602,723
497,104
74,36
424,270
864,827
118,934
752,409
862,263
753,901
34,995
577,366
572,89
735,485
515,509
93,775
391,277
20,754
291,619
844,368
551,144
74,681
907,837
730,173
617,479
835,968
524,882
248,150
243,395
815,455
419,890
787,17
209,518
943,562
488,770
664,678
95,597
586,614
196,299
900,286
686,346
962,153
845,475
898,320
156,173
192,376
484,608
935,755
377,298
985,929
185,267
976,313
342,496
316,33
724,594
883,997
125,806
308,746
265,202
604,822
387,789
461,660
227,374
832,727
852,427
844,787
768,279
908,337
507,637
854,757
492,278
932,538
849,312
499,125
346,778
867,547
631,629
513,406
952,832
33,160
407,5
885,275
131,23
156,388
926,311
903,903
847,332
482,238
219,622
269,911
417,34
136,239
626,928
611,733
920,467
474,776
432,821
725,582
441,86
754,783
582,339
761,189
948,191
342,51
73,860
415,494
700,212
869,593
93,443
1,872
313,458
629,614
143,18
584,911
250,120
152,911
499,805
439,928
71,484
127,214
771,517
59,983
28,688
306,398
282,965
355,183
445,905
57,946
188,686
845,219
702,57
431,48
765,290
205,897
239,189
861,59
449,596
394,310
302,849
293,41
164,974
912,1
313,811
955,412
669,981
76,198
472,58
818,652
757,609
550,784
863,239
956,498
791,641
96,345
586,742
78,739
848,983
780,313
893,957
212,456
40,196
688,582
485,713
449,528
47,15
619,524
755,528
677,93
58,489
838,288
645,164
652,250
828,335
98,481
204,319
322,214
822,113
869,706
3,344
655,81
48,582
665,198
489,569
265,885
270,598
617,288
934,513
632,839
984,697
883,290
462,486
789,364
883,34
24,112
638,39
459,686
992,961
816,572
13,761
267,339
523,669
227,576
685,562
767,751
774,634
217,255
221,790
379,498
975,254
822,301
187,800
572,991
713,801
526,301
408,427
231,33
695,28
539,739
344,286
429,934
288,33
87,839
405,626
50,646
264,516
299,66
368,771
875,190
61,187
985,12
837,474
860,989
600,570
233,932
678,471
433,907
495,990
346,622
524,8
922,214
756,328
711,584
709,725
53,605
868,339
891,366
770,807
925,372
411,817
715,151
332,675
827,394
141,872
905,869
940,163
596,879
34,856
956,553
739,146
169,931
295,799
472,974
843,143
166,374
143,425
38,249
989,774
563,537
51,270
305,417
44,268
773,823
712,217
585,920
583,270
444,955
334,546
653,678
184,971
146,271
375,492
385,696
39,671
255,23
507,159
877,779
848,614
34,867
176,917
574,823
703,206
608,274
48,198
927,541
728,890
504,911
726,560
537,337
434,925
23,323
114,573
507,476
435,542
845,339
429,634
631,164
145,347
988,629
532,657
933,349
138,732
998,73
957,417
663,732
122,679
815,305
835,371
713,451
916,712
868,962
550,885
369,901
874,715
205,733
268,747
610,650
260,111
670,27
327,178
582,392
0,305
32,331
757,539
133,355
723,743
230,874
743,508
728,135
848,491
345,142
876,276
269,903
539,450
708,773
312,197
538,733
386,593
518,509
26,675
927,323
914,61
808,405
108,399
390,935
353,756
843,427
408,288
226,770
667,226
153,78
563,794
434,6
823,553
498,508
85,876
536,89
606,344
792,366
112,550
998,663
360,323
883,781
477,251
214,200
141,416
358,913
757,313
100,502
245,279
777,683
558,557
191,698
352,142
442,829
683,445
156,161
298,691
865,992
596,744
219,461
873,460
639,17
321,579
49,147
282,483
574,918
18,564
4,199
195,322
967,700
645,542
702,733
787,506
599,292
934,109
444,369
401,183
57,905
990,426
534,601
566,40
828,74
146,95
852,847
370,829
453,842
221,405
433,686
121,707
720,685
139,428
270,497
859,748
423,841
519,720
593,825
449,280
102,546
847,636
726,537
673,447
786,543
149,786
684,876
970,194
577,838
334,826
84,282
986,519
870,131
682,445
619,73
278,277
271,876
996,308
963,735
83,817
72,887
664,748
578,816
657,106
270,894
443,475
830,440
58,824
499,925
628,619
878,912
695,670
387,951
960,325
771,352
526,223
499,852
715,677
851,495
778,109
546,153
658,194
147,468
952,324
995,471
220,303
881,740
777,343
299,570
973,745
701,605
667,29
946,32
30,303
754,828
298,980
501,198
12,174
225,116
856,486
97,288
343,68
151,398
639,8
222,361
818,94
704,929
543,748
907,820
773,346
60,796
871,959
24,991
258,745
872,358
255,933
112,732
926,557
48,77
664,854
486,2
192,2
54,962
736,438
605,624
871,139
812,462
741,319
971,789
762,431
522,194
220,482
11,1
687,499
747,507
15,736
54,124
276,413
758,815
468,177
965,189
679,101
91,446
580,765
1,979
452,435
51,812
14,356
943,512
274,237
734,506
313,903
980,309
486,819
53,407
918,489
59,569
795,209
127,516
916,705
87,362
144,125
759,910
570,31
440,488
162,84
346,230
473,55
815,354
73,552
36,869
958,862
139,161
753,627
947,486
532,503
750,513
17,352
387,35
872,316
848,378
301,109
22,240
467,444
472,496
474,147
882,648
355,140
396,601
764,169
759,499
727,503
295,22
908,928
915,29
221,875
36,237
584,843
73,626
159,402
370,387
761,367
664,397
979,292
309,629
998,797
259,424
423,719
585,537
776,159
877,965
606,512
105,464
46,329
632,631
937,71
636,803
306,660
900,261
555,198
628,518
794,386
371,695
401,99
569,356
913,976
722,716
488,936
581,461
644,685
956,264
808,378
779,780
404,638
345,72
67,75
585,620
48,979
338,471
894,912
879,398
473,1
626,315
4,54
204,756
819,843
129,810
463,679
214,342
310,139
114,864
421,812
269,721
414,214
515,232
911,760
550,727
104,314
678,780
168,15
395,926
861,616
721,680
159,513
983,710
803,37
665,47
59,133
181,11
85,536
601,445
794,890
764,180
739,42
905,870
142,109
284,238
218,657
150,14
840,5
383,921
53,778
70,937
382,346
934,455
613,501
71,311
721,948
231,53
970,971
458,251
747,25
939,535
765,412
793,864
601,587
496,786
227,679
554,633
624,490
207,628
242,338
830,348
274,93
153,266
106,648
596,481
225,49
512,669
256,449
744,816
685,688
329,307
582,148
73,46
495,130
655,381
244,575
208,378
208,612
164,922
108,433
376,106
509,580
314,747
504,737
738,284
901,907
466,426
868,414
624,172
259,724
848,392
69,588
459,881
254,602
354,846
310,54
487,397
517,327
651,615
733,474
350,541
669,809
142,221
207,960
776,630
700,615
582,971
82,905
31,34
939,41
285,688
844,672
934,887
600,286
290,513
283,402
427,511
224,858
180,129
799,738
837,807
392,168
810,239
342,961
700,210
411,691
290,383
550,863
554,914
296,80
180,747
485,980
697,541
884,941
878,184
321,274
493,516
493,813
994,937
716,325
637,160
18,556
716,693
333,681
724,314
713,971
151,170
345,609
233,272
648,650
429,67
133,852
523,815
200,745
875,72
609,293
99,222
141,223
530,714
955,324
89,708
563,679
509,113
98,681
314,954
97,63
960,699
574,224
800,876
708,857
657,158
177,912
381,69
905,207
742,767
283,883
203,288
541,717
392,526
468,251
943,748
893,508
971,75
456,41
314,692
919,536
179,515
640,69
914,721
844,606
448,589
582,506
124,544
398,572
912,504
188,149
2,668
463,172
5,816
178,18
922,555
331,526
272,81
52,110
243,118
869,906
33,965
544,561
604,955
202,688
785,741
705,7
842,231
977,545
572,948
81,491
736,269
679,406
699,222
25,661
449,963
453,72
89,304
105,487
42,628
818,371
826,677
146,300
533,277
925,715
1,912
404,586
829,260
904,502
530,857
810,103
36,542
149,165
596,598
498,997
806,970
810,12
563,305
533,446
459,68
398,398
816,253
17,639
122,185
102,98
531,822
851,630
570,740
702,354
393,98
327,928
424,560
414,721
660,702
723,98
792,41
392,19
688,386
368,748
407,493
447,293
204,358
421,763
453,693
909,654
386,641
949,177
243,523
412,496
646,555
747,612
945,456
32,829
275,246
828,64
121,34
139,252
88,619
599,826
993,372
925,617
163,446
830,946
391,139
85,90
373,155
9,409
771,122
18,801
378,919
407,511
752,817
107,597
550,553
857,836
726,120
246,832
702,490
426,238
866,189
179,104
390,797
543,755
885,291
858,903
651,191
793,534
571,920
791,238
514,910
701,819
701,457
201,731
265,933
101,165
105,860
676,710
412,406
73,430
955,120
506,789
167,401
300,489
858,154
910,800
420,86
926,113
716,150
123,967
196,950
188,587
198,120
707,309
356,665
230,990
301,190
157,584
771,22
507,640
35,926
955,514
119,372
711,94
540,2
225,350
279,393
205,771
502,716
622,491
720,718
536,793
445,71
686,601
874,919
277,432
124,546
454,408
490,52
187,629
822,853
303,198
195,334
889,923
45,127
792,974
11,495
363,22
279,532
563,421
648,414
432,210
26,169
191,389
130,89
198,756
586,343
881,118
501,740
634,271
854,984
885,660
997,599
660,133
629,737
406,764
561,724
709,501
820,472
899,843
168,809
339,584
320,685
275,681
815,630
449,515
941,6
603,623
799,434
866,978
632,526
367,264
970,797
507,253
724,203
998,901
915,584
403,292
421,61
517,276
240,253
265,539
526,6
936,518
157,154
514,824
661,826
574,163
225,1
792,160
840,971
261,10
258,800
371,829
476,526
558,407
45,465
823,372
389,390
973,145
441,346
507,574
250,997
612,866
1,557
11,122
441,268
217,489
948,974
227,58
195,368
97,779
969,733
893,305
526,622
241,586
355,559
589,556
101,316
439,890
551,453
352,58
162,144
461,195
138,453
417,460
628,288
4,765
627,68
540,776
747,393
502,880
406,620
859,280
931,253
718,994
109,105
269,75
680,152
950,717
451,60
624,978
313,444
725,558
563,724
996,85
146,88
551,175
864,470
723,963
577,658
545,455
775,444
687,235
115,995
553,747
65,155
441,13
74,576
664,40
514,223
889,185
59,593
9,191
563,741
521,259
442,885
38,925
941,91
283,758
803,405
149,124
527,924
255,357
728,344
410,585
599,781
20,856
592,379
84,538
705,32
62,464
687,176
787,190
389,718
599,222
554,178
336,498
319,265
986,660
309,528
414,339
980,500
420,64
678,758
857,835
540,315
858,787
921,514
264,227
651,688
365,247
217,370
197,370
931,118
948,235
915,368
622,381
56,785
633,523
541,490
447,274
470,945
759,398
416,69
222,342
451,674
809,311
399,388
25,943
664,200
630,381
762,375
143,19
146,369
208,523
885,469
40,446
637,768
287,454
387,660
903,427
353,41
15,182
277,236
485,465
686,833
638,176
787,104
932,862
832,272
522,894
788,640
985,19
181,341
151,807
523,585
207,487
501,327
349,902
767,251
891,846
993,772
657,322
779,676
294,764
403,923
786,908
20,526
723,685
933,0
977,523
830,596
482,749
611,581
163,659
301,864
588,517
712,290
232,477
733,485
526,541
938,931
852,439
876,664
441,206
144,73
42,818
925,779
776,341
141,972
884,968
527,624
755,439
133,204
465,742
463,858
530,622
541,596
687,64
379,749
708,371
936,969
430,333
781,836
838,346
668,561
617,921
913,80
22,223
355,973
964,335
731,344
952,495
104,962
157,485
528,852
149,233
717,674
769,549
381,475
368,740
519,621
305,774
52,836
974,816
122,919
354,417
716,810
144,700
160,850
300,711
549,685
645,649
730,418
182,166
610,771
597,291
718,369
546,3
781,497
64,165
238,423
348,799
900,744
177,691
549,91
342,200
50,877
464,226
95,396
361,425
826,793
34,971
197,78
71,496
219,497
870,441
8,356
234,319
161,495
521,944
932,992
357,94
319,901
410,603
78,694
24,861
361,61
518,502
73,331
39,168
394,886
714,419
654,993
994,42
132,550
970,182
891,694
602,757
30,359
364,755
390,221
871,577
736,256
761,621
551,416
78,304
94,653
586,721
393,366
472,71
206,469
604,326
950,854
404,5
184,726
563,495
247,996
351,614
360,750
284,760
280,399
964,497
770,442
751,548
86,986
361,535
874,611
845,762
835,461
829,938
939,40
603,496
327,968
841,931
690,157
845,116
707,934
567,697
70,948
984,46
299,595
89,5
110,373
279,96
812,272
687,92
803,894
201,727
660,319
851,189
190,352
247,340
305,848
36,619
114,542
363,692
118,808
148,109
930,491
797,686
786,738
74,60
320,932
647,371
655,325
302,228
921,306
464,910
125,698
127,677
963,743
410,126
865,916
173,154
798,835
77,140
490,356
649,414
92,989
846,892
43,865
125,825
967,651
943,925
735,302
86,174
45,911
657,300
721,176
530,641
98,231
481,54
786,743
131,501
298,407
889,937
635,121
435,176
875,122
87,995
225,681
333,966
557,675
206,652
815,158
421,402
289,744
142,909
534,111
521,162
784,708
576,551
968,490
722,933
888,956
259,360
708,832
128,575
163,110
907,982
964,322
322,305
559,470
418,376
528,3
761,594
272,624
820,509
361,820
471,0
678,224
773,855
367,515
221,590
603,94
546,263
796,293
792,345
550,270
328,680
533,30
875,984
137,736
979,72
311,729
531,641
508,679
948,54
403,92
544,921
197,439
561,854
821,189
653,376
737,512
244,739
367,494
655,77
696,237
641,788
412,297
872,957
325,299
831,234
728,917
569,727
435,301
516,606
268,510
814,598
60,516
221,258
528,32
221,248
827,885
817,346
936,755
413,266
291,166
412,848
100,76
561,781
610,711
754,228
413,837
585,665
525,267
947,792
978,317
425,971
551,778
27,757
562,915
136,942
327,197
50,276
550,475
916,154
545,109
687,404
508,616
990,374
739,877
351,801
773,976
752,509
836,918
430,686
813,542
207,475
895,681
214,201
172,653
427,201
512,426
308,621
338,524
175,246
173,570
86,844
818,16
894,288
910,460
541,835
656,363
508,894
860,117
380,645
757,676
765,934
496,302
968,622
690,976
584,756
309,195
179,912
171,829
786,546
630,158
55,809
838,339
577,656
756,343
97,395
32,987
211,383
454,628
780,625
810,617
266,952
751,696
380,774
107,625
115,42
338,375
689,351
646,965
635,730
981,270
288,180
58,58
744,873
729,243
262,314
945,815
625,592
645,802
235,543
237,679
859,904
303,96
111,378
494,60
377,123
399,339
579,993
791,383
796,442
57,108
496,544
948,938
459,235
849,501
936,661
686,732
704,100
964,488
250,346
655,468
661,733
52,820
890,479
340,291
88,974
81,391
879,794
427,796
900,333
199,619
45,905
816,99
836,917
539,463
212,654
206,162
122,837
783,168
274,621
595,211
494,759
837,344
554,68
909,506
996,691
62,731
144,357
994,482
107,617
930,163
841,324
826,404
519,119
648,231
797,986
920,39
90,200
439,799
623,152
343,11
741,908
557,706
378,867
167,904
109,430
791,126
483,138
806,926
120,285
248,190
232,55
3,159
742,94
789,974
177,608
493,331
887,518
728,59
301,21
438,177
638,893
960,259
724,134
955,800
92,520
933,64
358,364
733,10
781,491
785,159
84,909
762,572
937,4
125,254
518,377
520,714
798,762
911,457
754,612
298,925
799,475
566,202
79,268
823,675
341,77
580,125
63,874
607,832
219,365
435,194
560,685
365,800
882,128
898,757
384,363
595,468
391,812
626,796
806,906
812,1
205,949
853,750
637,642
68,591
139,942
501,488
130,767
539,186
780,543
663,502
687,223
561,851
571,877
362,588
152,729
0,604
159,457
845,956
820,100
198,183
177,975
225,810
728,688
498,280
570,148
704,261
458,929
139,563
754,168
70,838
807,592
278,399
390,9
623,380
123,702
694,109
127,964
67,310
550,393
172,530
705,254
507,407
795,405
408,1
170,650
54,407
281,160
752,804
604,523
199,473
949,828
60,691
812,536
236,78
915,434
914,534
278,193
84,948
590,686
13,914
792,422
676,898
265,3
175,719
768,476
403,837
579,860
903,684
370,3
974,442
203,221
884,510
413,715
214,269
388,879
674,170
973,190
662,569
444,857
61,663
279,437
270,644
42,863
179,65
292,405
533,429
383,16
97,90
802,798
959,362
395,56
664,943
283,929
622,401
375,378
122,952
508,858
193,97
9,207
452,937
471,713
912,758
656,969
200,903
501,939
568,271
622,869
987,588
463,850
782,738
938,814
355,508
686,916
323,555
843,989
741,162
951,350
865,975
112,1
298,681
945,813
378,788
248,941
341,301
167,187
707,98
193,437
728,282
769,394
242,642
484,227
835,182
52,435
79,977
322,184
483,119
993,661
513,11
267,963
118,258
566,224
476,217
577,809
52,262
577,866
696,499
258,347
870,543
680,193
775,374
706,353
728,292
363,139
253,971
445,563
433,406
65,602
699,381
464,547
598,206
384,114
526,632
258,642
44,763
905,226
643,964
479,221
346,457
687,955
454,126
298,2
609,451
872,87
790,363
877,59
751,782
431,29
25,470
765,465
42,989
61,992
871,205
796,25
51,427
815,766
685,56
267,12
966,787
528,636
573,970
449,623
609,249
144,266
95,875
815,276
127,769
149,351
960,500
558,85
554,439
731,811
730,730
703,710
507,707
703,787
942,945
826,742
413,822
20,407
682,653
509,646
965,886
215,147
425,998
599,425
266,46
555,968
546,253
631,932
834,981
33,124
7,524
559,372
998,542
557,809
180,714
372,801
826,870
15,493
974,318
64,648
590,758
964,610
980,279
459,644
744,30
735,716
177,925
478,713
438,458
10,665
1,367
785,82
519,27
950,184
557,148
329,896
630,229
705,469
378,580
196,524
178,909
840,831
61,397
112,504
701,622
353,626
857,429
194,278
404,290
40,157
112,306
887,683
744,650
230,176
911,65
971,742
450,395
141,214
124,939
398,703
823,81
456,400
928,89
223,680
535,60
774,388
187,512
535,994
737,304
134,807
753,716
508,672
620,617
798,614
2,518
34,719
166,814
869,876
339,406
710,865
254,833
382,132
944,634
610,131
854,398
401,966
354,773
446,210
680,67
525,971
728,621
64,51
532,582
632,464
900,277
841,322
266,243
930,612
248,385
946,611
593,228
578,732
339,746
398,563
26,157
766,106
375,370
374,421
122,101
703,274
584,307
467,188
372,8
298,571
168,295
374,441
212,981
976,708
6,591
939,456
385,287
954,503
11,258
302,313
405,247
769,219
946,693
633,476
214,879
519,932
722,727
498,894
195,900
811,430
523,655
391,527
433,132
135,5
399,904
281,262
999,333
622,186
394,474
92,570
767,173
92,419
729,471
332,892
990,9
971,610
150,395
816,774
179,527
915,93
698,678
116,976
289,488
691,561
980,722
428,867
997,896
757,719
800,103
31,307
418,768
793,723
303,141
308,856
768,561
262,914
177,228
738,614
361,234
220,877
501,887
351,196
402,668
745,683
2,127
940,329
335,684
488,145
804,272
141,289
871,61
110,736
789,561
501,35
793,590
785,487
970,513
854,171
691,573
158,912
321,334
208,919
479,169
657,311
907,16
565,590
664,929
93,622
259,230
249,326
103,514
96,159
561,406
255,588
146,879
977,14
853,189
103,4
692,928
437,144
958,458
406,720
719,652
554,228
987,861
287,876
600,506
61,388
31,271
124,216
888,21
341,38
937,727
595,666
230,194
619,11
30,333
71,904
893,319
259,961
759,533
402,547
889,349
476,548
454,61
406,586
98,635
716,427
9,452
462,304
374,536
924,644
57,43
777,693
497,168
416,371
402,157
152,238
589,308
699,252
615,92
136,38
674,992
468,624
688,918
598,743
444,361
170,407
773,753
321,199
288,108
272,328
674,862
614,463
298,606
659,227
312,158
684,419
82,910
156,662
215,584
680,733
258,728
706,737
667,586
164,520
636,186
754,929
146,927
773,176
871,523
301,198
237,786
96,473
140,559
469,365
97,545
370,592
218,668
144,670
535,696
264,931
501,7
423,280
325,699
346,999
512,889
143,549
311,23
950,800
560,127
452,146
234,122
772,296
162,397
554,223
70,503
925,693
813,514
15,398
717,147
657,962
230,396
470,633
282,477
250,333
196,409
310,705
72,862
928,372
47,466
878,380
864,196
265,341
447,229
447,209
757,868
59,349
191,201
734,427
739,364
922,950
834,923
225,619
968,641
859,245
411,447
261,110
0,749
895,148
597,395
499,495
270,768
524,995
129,954
739,957
217,390
290,341
741,347
582,74
5,951
329,795
867,167
9,476
43,755
929,579
49,684
678,764
532,511
838,357
467,166
759,381
695,275
133,411
508,774
664,839
104,327
118,980
491,713
419,972
646,584
720,904
615,327
156,686
280,601
862,612
246,251
522,49
17,715
901,149
879,248
557,157
481,190
118,729
501,61
937,346
761,360
410,179
512,915
100,104
435,172
545,464
527,108
597,815
698,954
817,185
582,465
980,776
986,963
382,488
763,516
27,211
367,351
898,886
43,519
574,282
319,590
614,920
172,342
896,575
198,133
383,656
209,786
69,196
787,504
657,512
228,476
379,523
782,190
198,630
353,186
225,409
259,518
957,426
441,655
927,44
244,204
265,393
356,833
630,617
115,785
362,213
449,118
124,584
214,994
979,354
260,823
353,77
350,911
488,222
805,843
828,992
295,610
330,855
184,86
949,390
839,741
583,977
664,302
933,37
838,399
56,196
446,190
747,818
607,617
576,360
513,160
751,444
767,976
375,265
858,609
580,302
397,646
275,952
496,303
991,431
308,455
999,604
628,520
557,457
757,176
561,750
239,300
474,367
929,563
962,40
951,305
79,798
897,246
111,328
382,460
702,78
458,13
127,470
874,272
238,833
261,881
588,588
774,876
892,212
360,603
654,990
841,185
986,958
72,175
888,509
31,599
688,95
963,139
812,100
50,776
316,231
213,399
160,331
521,343
531,161
27,823
993,856
962,625
421,525
338,699
997,423
942,78
332,209
830,24
286,669
937,946
227,830
311,12
624,789
176,912
245,852
463,449
138,822
984,588
174,987
122,478
444,678
904,235
507,313
226,640
360,864
244,440
214,170
252,308
871,654
235,162
903,159
589,139
388,119
731,299
252,700
821,628
103,545
286,244
818,182
185,296
775,647
79,275
984,25
186,14
749,196
202,179
232,373
210,552
85,532
888,570
661,779
694,378
8,86
190,672
666,654
389,21
271,795
21,489
726,623
301,724
43,102
968,639
237,14
811,166
36,103
98,571
511,621
797,180
468,554
785,715
547,633
699,299
737,623
515,145
862,59
498,19
821,774
94,696
391,531
86,320
561,176
850,525
281,621
628,862
152,97
892,133
72,522
350,343
434,98
951,847
847,383
252,547
366,408
554,305
835,261
443,975
62,856
133,49
400,386
336,853
539,782
511,391
751,663
338,806
454,743
183,792
407,501
535,812
214,636
632,312
372,145
55,800
72,435
859,701
461,551
677,381
516,381
211,567
119,361
969,569
970,503
545,33
922,797
680,714
746,499
686,611
20,43
273,307
899,135
261,934
41,955
579,789
266,692
22,684
969,124
250,829
10,224
66,453
168,256
599,314
649,807
957,977
377,148
659,694
13,271
613,651
105,187
260,378
309,83
870,400
970,926
613,273
676,224
726,687
653,558
713,992
818,43
457,717
927,260
981,594
69,695
831,725
30,405
11,285
888,403
475,532
77,651
35,671
405,414
327,275
550,816
688,519
21,625
737,982
306,48
744,913
801,515
934,292
194,426
243,455
526,809
789,7
592,947
638,806
466,35
963,30
789,213
589,691
189,454
42,928
167,830
323,335
177,499
357,613
378,511
508,247
606,723
723,799
439,665
25,110
282,144
184,444
580,740
455,913
593,560
750,858
992,671
900,795
9,71
817,522
603,140
238,230
973,100
78,206
16,464
403,928
766,980
937,852
244,964
339,753
847,113
785,379
670,999
329,840
883,0
971,525
999,23
808,237
659,93
361,159
151,281
454,313
11,153
132,624
883,174
625,175
172,315
602,258
523,136
265,82
909,134
596,710
425,585
693,901
292,285
624,500
115,137
300,81
140,496
967,484
56,640
675,355
521,487
622,498
684,29
27,849
247,92
197,556
382,209
222,889
177,226
653,797
525,311
427,667
632,671
117,97
123,681
43,219
41,920
440,884
635,89
910,391
754,397
490,741
470,626
665,441
680,785
319,5
225,989
782,463
550,405
270,926
144,372
766,171
301,987
557,980
24,736
599,100
884,138
730,787
856,838
972,104
565,990
740,910
88,237
332,742
245,951
865,498
456,213
736,704
761,863
982,178
219,430
247,483
102,934
959,94
360,748
173,239
949,753
595,751
422,346
892,904
195,928
390,718
774,587
615,85
473,347
813,620
239,558
932,106
846,221
325,254
120,776
667,919
504,144
868,708
324,481
600,625
583,201
273,54
21,994
687,161
241,324
162,402
224,631
758,277
19,949
569,548
250,433
654,854
369,103
315,605
78,600
442,863
47,965
289,986
827,482
532,666
250,111
868,394
703,183
305,431
708,583
707,566
105,625
474,81
44,772
87,714
468,399
756,680
722,519
480,595
982,413
365,754
991,112
860,918
918,469
381,124
717,288
732,943
223,67
46,777
902,863
257,943
284,376
962,597
933,534
435,942
289,837
525,618
742,627
984,446
458,349
37,286
669,858
757,938
604,724
657,780
224,674
393,285
662,498
932,828
594,113
854,10
340,615
470,729
582,0
578,337
827,507
349,392
329,46
437,191
224,802
770,304
129,46
150,540
821,699
512,849
654,111
922,26
550,440
282,743
576,323
62,549
373,75
995,689
407,301
896,605
560,797
199,798
455,179
429,653
513,423
313,56
336,376
154,181
996,705
50,114
742,792
369,258
158,392
929,512
11,491
503,449
756,226
544,946
560,894
818,893
53,106
309,386
59,323
507,945
957,968
800,764
612,191
482,526
206,544
188,822
455,290
349,296
803,816
411,368
507,807
645,87
563,112
334,655
449,350
347,177
754,527
899,233
661,330
739,383
213,583
474,33
4,693
358,248
790,877
830,123
778,99
857,830
553,284
758,404
382,613
411,316
905,770
546,796
23,701
735,510
994,225
150,269
627,760
193,57
471,406
47,314
890,962
420,502
922,778
411,117
874,207
204,0
602,969
612,9
555,812
113,532
102,701
493,312
282,648
83,571
742,443
514,844
305,891
480,660
202,900
26,711
410,826
717,357
767,248
684,324
330,757
841,161
323,780
311,795
881,445
645,201
351,653
715,689
959,417
198,574
948,179
992,608
755,296
472,16
803,4
702,11
894,265
16,960
714,489
790,169
947,992
972,915
493,783
213,53
930,717
825,228
83,377
8,235
352,113
387,887
874,67
342,911
718,197
594,171
799,266
817,902
677,416
140,754
553,60
848,972
618,934
379,33
277,678
698,53
6,425
749,503
217,932
861,551
608,682
107,835
665,792
998,758
618,306
270,563
19,257
717,164
286,936
336,355
920,119
860,687
60,597
693,306
869,799
839,431
611,259
14,971
380,27
569,919
331,790
993,892
373,392
90,716
338,833
806,217
847,288
149,429
418,812
16,446
809,379
426,189
935,696
247,789
557,390
631,13
94,934
260,443
222,479
942,991
909,53
907,290
550,846
502,449
438,875
903,701
545,367
720,674
159,210
528,466
433,834
883,521
716,400
963,624
894,909
173,953
214,812
937,334
871,869
600,171
623,400
206,721
965,0
531,730
639,562
148,103
446,307
749,62
495,877
576,706
945,337
733,559
812,128
761,411
335,804
162,817
137,814
299,620
476,944
351,57
412,129
628,871
389,872
935,535
650,549
726,717
876,348
366,31
261,190
432,697
38,422
940,438
369,902
349,90
464,246
962,638
378,748
200,783
423,287
644,462
961,67
749,825
832,208
385,325
769,367
806,953
604,671
247,825
642,535
383,312
834,489
261,301
214,999
198,959
575,505
367,53
676,644
374,358
940,318
183,812
480,690
411,73
39,630
708,702
363,935
59,770
968,230
318,46
332,264
975,970
935,758
51,163
385,413
353,51
260,440
923,172
60,973
788,300
102,1
178,593
525,359
72,588
371,927
312,396
993,547
316,694
446,761
827,128
17,94
475,139
406,317
466,898
242,373
817,440
818,463
629,382
42,309
266,881
204,92
219,500
414,72
502,172
181,506
402,381
345,678
211,167
491,635
855,693
335,87
657,878
389,301
107,173
676,825
807,205
763,213
936,71
470,911
456,512
35,290
537,962
662,976
600,861
94,807
13,149
7,260
258,556
272,921
143,776
618,896
134,483
228,99
750,638
315,578
172,450
419,290
91,740
181,359
191,490
244,426
317,790
830,796
799,349
480,731
671,744
684,903
340,793
414,960
63,148
683,460
875,764
713,869
544,157
417,433
14,652
459,625
653,508
272,245
396,875
12,552
532,947
625,951
566,946
724,970
608,540
73,885
913,855
900,456
632,573
826,922
40,852
783,851
827,356
506,463
922,512
45,818
894,353
715,566
616,89
114,469
51,105
197,659
962,550
845,386
828,118
72,740
357,746
686,970
370,566
91,626
228,356
727,914
266,131
152,91
163,334
132,696
281,295
659,777
913,677
238,919
769,635
37,611
992,560
91,228
786,294
63,879
519,577
288,83
620,260
984,229
755,862
321,193
797,139
355,274
380,401
632,729
374,905
924,582
35,55
837,529
958,414
577,375
514,352
70,105
318,727
525,799
957,499
946,976
700,836
142,838
806,658
250,644
129,54
0,398
909,616
72,379
548,735
225,391
218,132
758,776
425,882
59,851
785,551
913,387
386,396
6,79
15,183
296,535
22,969
392,968
315,563
789,877
185,283
343,792
55,688
261,363
13,743
379,645
763,676
507,550
4,691
819,405
805,138
797,848
878,749
542,176
678,866
600,978
873,904
143,831
519,355
775,351
724,722
544,919
499,319
970,33
515,454
958,108
588,86
923,602
11,816
771,870
945,708
853,563
266,717
233,597
451,833
749,308
282,907
761,361
113,771
238,685
273,288
116,453
731,748
538,455
965,92
343,599
955,962
263,878
455,68
564,932
612,312
761,558
217,868
796,660
727,970
792,223
855,529
801,463
94,920
634,442
953,178
281,433
292,934
268,512
62,708
600,569
715,217
7,191
949,734
443,94
615,861
82,23
893,685
290,219
923,965
676,90
32,175
450,253
586,883
813,401
716,55
296,353
533,171
62,206
733,747
927,771
325,665
463,748
726,48
988,600
628,780
934,824
437,330
987,739
706,536
585,360
157,681
337,195
955,508
854,467
7,560
113,70
818,605
283,373
348,997
400,375
957,466
562,274
955,712
105,917
972,577
226,200
129,192
844,174
426,82
470,210
101,822
498,725
208,571
613,272
25,107
533,286
112,29
435,8
760,403
107,299
595,633
108,419
801,528
512,515
578,763
889,531
964,904
154,947
612,272
27,273
772,665
390,593
254,221
855,875
491,220
622,456
784,678
407,403
43,568
95,72
84,526
131,795
697,361
240,543
729,132
556,687
868,826
429,295
226,448
561,449
685,182
472,402
99,99
438,960
139,452
385,642
358,922
657,13
186,548
717,176
208,805
432,321
525,67
853,585
947,92
88,255
459,651
407,285
164,732
187,729
703,610
733,21
524,928
373,138
618,279
899,162
607,222
934,835
788,734
310,909
377,454
299,630
306,517
289,223
432,948
151,483
829,373
27,480
170,717
866,116
545,696
63,595
697,549
270,566
544,587
389,414
774,791
857,354
95,971
916,983
661,262
275,60
40,433
809,221
911,802
832,782
871,787
541,248
500,619
965,853
455,689
857,217
14,522
422,324
204,290
591,530
824,435
415,582
110,739
167,18
741,708
790,798
351,726
584,434
890,24
70,866
475,545
588,646
370,397
353,512
741,928
533,549
661,209
369,220
879,217
804,667
138,997
522,404
537,20
467,90
990,820
251,323
208,963
414,428
645,821
639,974
666,653
440,94
276,132
709,445
631,790
851,193
26,622
151,937
572,701
107,956
358,125
188,287
253,431
14,654
469,895
960,754
865,153
764,508
137,587
537,292
641,684
825,427
239,293
746,147
419,905
944,15
934,142
799,261
758,962
659,769
751,155
651,236
935,815
308,298
667,234
593,348
450,347
688,354
87,780
978,508
415,886
865,133
320,901
895,113
950,316
119,673
323,652
6,492
674,205
491,94
198,689
780,414
371,58
583,544
909,323
784,61
739,677
607,250
397,295
104,835
541,810
924,517
193,192
749,30
805,801
370,684
47,720
860,976
639,940
224,148
733,167
100,606
942,601
417,440
569,239
54,840
422,769
627,801
999,747
467,699
709,276
860,776
116,739
995,994
963,258
317,226
128,656
727,211
135,301
728,847
922,432
16,214
789,865
980,305
785,847
649,460
850,957
924,10
172,582
339,974
516,471
470,154
588,372
792,404
417,263
445,731
899,140
690,711
762,608
932,299
5,629
633,507
847,139
213,100
107,593
61,865
246,794
545,322
123,121
982,77
846,212
764,890
245,365
578,587
655,749
726,951
215,884
484,682
929,182
964,283
259,919
462,45
247,11
779,783
80,846
492,41
3,464
11,877
458,879
939,645
735,23
30,996
916,81
874,953
335,923
89,195
92,685
725,946
883,996
832,221
966,969
940,277
885,416
148,793
844,541
912,204
273,811
729,215
282,813
161,404
188,884
241,519
352,293
656,824
936,313
999,538
460,466
166,61
766,185
441,501
304,288
247,581
634,932
560,368
553,969
980,59
89,539
770,385
425,974
750,553
785,508
175,78
816,257
420,988
237,706
386,334
125,820
210,321
916,525
560,552
391,591
453,703
664,738
632,354
56,107
448,697
223,19
159,152
70,100
287,615
787,705
567,532
875,642
625,133
601,632
127,777
312,275
201,38
109,926
484,375
963,793
894,904
867,261
272,250
955,824
331,687
167,289
747,521
159,565
39,969
669,2
261,168
354,600
816,62
60,235
955,953
237,575
31,536
442,232
336,288
204,900
431,511
15,488
426,341
769,708
968,488
700,910
603,789
72,119
328,993
775,433
578,419
188,92
940,777
948,976
216,184
273,68
133,598
406,1
323,738
619,967
841,29
748,765
97,203
677,229
778,204
781,690
729,227
178,296
359,357
488,841
340,727
967,940
695,59
954,367
68,594
648,381
577,465
193,601
370,569
564,646
713,17
358,484
524,758
46,76
203,960
513,362
927,909
158,85
467,54
126,173
332,831
807,37
888,78
575,120
454,319
816,367
88,508
123,739
303,842
50,77
637,548
231,79
722,459
137,263
709,2
180,349
896,298
522,228
409,38
54,896
791,149
940,115
671,562
558,800
337,421
396,176
859,643
58,846
561,530
393,488
404,570
83,761
839,9
873,454
228,346
688,360
58,500
818,364
732,484
705,946
239,947
757,222
525,181
16,7
299,414
498,218
27,414
446,428
640,899
965,762
206,574
681,536
34,367
661,74
731,418
126,441
274,248
744,462
872,246
52,366
399,915
477,513
746,312
908,96
66,749
960,278
319,275
495,516
993,747
948,770
460,751
743,669
375,866
478,744
77,852
86,286
441,499
123,783
963,28
152,233
83,192
265,728
873,604
942,480
240,760
342,91
254,412
807,188
514,157
716,600
251,98
80,472
959,857
629,685
678,680
586,743
839,319
17,560
792,925
573,643
400,320
131,781
1,409
230,408
385,283
288,34
485,553
672,133
980,806
496,209
790,645
331,308
401,909
412,378
289,27
509,438
659,908
319,948
63,1
867,514
361,698
695,499
340,919
302,138
122,328
711,683
914,977
94,979
983,736
53,213
143,663
447,448
654,193
521,206
896,498
440,124
92,805
924,151
608,882
765,605
296,456
249,108
939,347
494,108
579,653
756,139
84,375
92,17
435,134
966,405
582,385
668,615
60,747
975,340
295,293
172,54
145,402
132,715
269,526
544,776
393,632
671,306
718,959
680,669
811,706
197,914
382,419
178,573
898,729
15,108
621,960
295,357
304,381
204,732
977,733
933,755
764,514
516,64
897,900
521,829
244,503
859,4
291,45
887,667
761,576
609,524
674,62
624,269
327,115
257,743
917,580
964,837
724,562
317,302
31,851
231,502
516,482
466,569
473,912
189,682
505,75
671,930
204,80
828,692
845,425
196,548
593,637
626,285
569,373
103,909
139,404
759,819
706,760
938,899
195,735
871,168
872,17
597,97
635,421
937,686
136,451
989,997
347,738
860,228
768,293
618,262
373,147
351,843
705,776
533,234
86,747
966,278
327,647
275,414
540,633
13,21
267,844
134,199
522,913
386,180
773,875
886,167
51,840
113,290
487,219
759,352
305,231
215,203
650,387
895,234
12,772
345,54
132,631
661,937
274,756
493,748
42,626
551,232
512,509
449,543
515,488
178,245
668,714
280,360
760,273
712,605
318,38
185,321
436,945
745,914
985,580
803,490
894,373
292,439
95,384
849,279
746,396
436,500
44,837
416,792
199,804
120,863
348,527
422,53
559,826
398,779
495,757
583,488
799,304
71,711
312,899
397,455
362,146
406,947
121,97
415,334
960,474
417,64
284,804
419,306
981,522
550,943
900,52
525,557
307,245
833,401
709,993
708,242
154,155
214,484
75,124
546,490
963,613
155,195
331,830
339,87
209,943
337,945
683,43
561,427
249,336
83,423
975,34
969,740
147,618
87,633
390,397
67,279
823,507
232,163
747,174
505,164
463,368
514,584
897,499
661,502
113,711
82,786
80,596
693,345
413,55
169,422
328,883
114,284
709,492
288,862
802,634
795,587
607,91
852,762
451,838
326,163
550,997
797,776
818,149
623,717
448,107
484,111
185,730
423,511
973,727
755,942
118,760
559,837
815,342
432,609
470,718
842,781
245,938
466,167
257,666
352,140
465,782
763,450
105,617
363,320
846,93
199,889
552,982
150,709
755,180
724,195
349,867
793,47
423,833
798,841
250,202
531,991
189,852
457,691
415,763
688,415
1,819
815,760
198,15
79,234
14,507
191,809
991,812
2,561
526,843
961,321
754,599
110,101
581,550
85,407
864,512
456,177
561,229
814,715
101,23
205,369
139,962
594,605
619,89
485,37
723,619
261,632
668,457
864,589
360,316
54,883
640,494
483,137
486,946
295,199
403,603
225,642
198,571
249,77
207,884
742,981
85,113
797,308
755,43
520,914
745,542
641,949
242,420
954,112
414,783
878,27
147,481
602,585
703,135
669,730
569,264
832,838
913,458
935,458
486,242
605,948
586,34
9,40
481,96
697,299
567,436
931,559
153,943
35,769
686,323
339,694
475,239
361,949
877,416
950,798
20,184
966,434
131,154
891,72
674,73
826,271
433,758
92,323
323,961
521,285
401,306
795,964
407,984
251,165
498,750
758,523
311,823
725,827
525,178
257,431
347,843
19,744
668,407
550,241
764,75
716,414
275,726
220,79
716,466
193,586
226,343
621,295
558,419
180,371
771,596
895,812
948,539
774,764
252,951
664,837
297,696
445,137
199,865
323,482
149,173
574,701
754,546
583,332
358,662
462,904
496,924
558,748
259,382
514,898
47,447
994,682
466,737
529,882
172,574
167,448
837,947
830,341
36,607
387,755
969,857
406,171
815,566
251,342
463,935
806,176
579,655
698,137
352,297
364,999
747,350
128,239
606,818
8,12
181,310
702,38
964,976
973,301
504,210
710,324
13,745
796,334
947,610
536,444
441,790
678,260
541,310
660,311
752,126
284,676
51,500
88,824
604,886
465,120
206,900
624,588
825,911
976,33
567,13
921,135
713,132
605,732
461,378
656,488
320,798
148,961
657,898
82,440
158,216
743,723
539,167
112,459
170,35
63,737
330,536
984,333
789,995
701,802
675,37
727,615
465,165
345,144
496,514
632,894
111,429
401,810
184,350
283,679
846,778
296,410
394,278
939,756
513,966
462,20
905,135
708,639
33,966
976,804
482,123
476,213
705,720
954,186
89,291
21,658
21,713
700,47
576,861
708,892
541,177
312,553
34,41
454,80
145,565
49,826
897,413
155,466
422,764
807,126
988,142
206,435
53,623
728,200
614,698
585,652
150,49
390,305
402,620
316,268
887,12
127,445
946,58
605,236
491,913
488,317
530,581
216,707
34,8
656,332
549,951
308,980
229,132
628,700
979,319
443,212
584,23
453,85
761,61
419,696
522,761
686,298
246,19
101,266
822,832
245,479
330,938
261,218
289,358
631,917
778,419
172,238
218,367
964,130
828,15
259,814
402,672
813,104
141,782
394,2
122,496
590,606
969,359
73,266
216,579
54,716
943,586
525,435
959,562
448,471
447,413
415,98
488,681
797,202
550,612
984,583
445,196
201,111
449,222
318,862
397,790
773,971
654,769
10,936
666,703
43,329
714,612
918,976
287,204
188,370
790,789
29,753
393,213
446,233
40,18
645,72
639,295
638,19
861,272
329,501
282,781
343,13
181,668
727,725
595,265
452,269
584,610
223,587
579,768
796,200
214,795
858,981
570,944
824,577
888,448
688,930
551,545
357,79
723,194
725,49
751,725
283,113
149,552
578,473
110,379
184,922
777,503
86,975
404,303
386,128
804,373
432,799
418,94
889,924
393,241
867,425
550,946
730,753
583,272
40,970
597,566
83,779
727,148
683,62
295,458
924,551
651,172
695,16
478,649
303,864
530,206
220,700
603,453
246,81
90,697
773,170
312,973
818,549
818,280
607,884
205,643
118,332
467,402
388,194
922,672
284,998
475,219
488,915
101,689
96,728
221,933
66,393
946,303
268,389
697,31
414,810
973,415
17,127
841,749
793,64
625,863
400,599
17,883
423,117
342,792
899,602
535,478
609,892
888,17
156,52
19,578
996,998
278,291
328,572
775,141
258,272
494,371
422,194
161,825
196,253
595,988
262,985
584,469
498,813
56,727
605,284
928,333
413,874
305,730
712,96
193,216
618,494
720,321
208,909
304,746
231,850
837,381
527,892
846,919
636,972
178,440
398,2
731,888
519,514
34,154
931,162
142,603
133,544
802,584
734,100
390,59
404,507
639,609
617,363
565,430
262,191
746,651
92,946
601,725
987,83
296,609
339,511
605,636
812,240
636,567
236,94
953,143
510,553
693,651
355,105
512,233
608,489
391,939
975,665
211,107
425,849
950,418
733,316
645,409
568,849
483,689
981,659
478,796
270,555
332,231
859,177
319,204
240,347
48,884
514,147
218,297
477,378
294,460
736,896
839,68
730,89
206,190
233,817
835,312
935,926
306,498
96,158
119,320
364,459
910,707
374,560
276,432
673,872
871,161
517,492
557,162
504,208
553,554
939,375
395,432
695,345
898,920
398,318
463,523
902,723
83,141
444,494
409,145
900,346
629,536
188,616
996,600
338,274
307,707
854,707
442,629
991,540
904,282
368,173
412,985
121,159
132,430
19,612
949,738
469,461
745,302
602,213
131,371
427,780
175,998
937,493
238,382
356,782
359,110
510,827
561,374
185,324
498,97
594,36
530,21
88,504
495,65
130,45
916,464
734,300
816,408
477,193
984,951
865,797
804,935
905,292
771,127
661,456
402,200
760,351
221,506
764,563
226,903
240,663
655,570
649,731
811,100
932,280
682,817
739,14
495,637
706,360
249,961
530,10
658,404
713,177
650,962
46,961
254,991
90,977
986,404
967,261
621,871
64,545
255,221
416,489
97,719
429,712
343,596
155,823
604,192
413,7
729,270
86,155
341,670
432,538
22,515
958,420
906,641
254,526
929,912
790,184
356,657
41,321
421,964
755,610
852,698
382,943
313,231
971,767
481,72
66,500
777,748
654,394
872,936
36,550
261,955
329,58
186,974
615,536
691,395
194,473
742,359
19,89
582,794
511,825
280,162
619,962
166,179
175,796
618,390
128,21
335,226
825,64
799,420
40,212
990,515
701,601
811,872
550,146
5,959
924,252
573,629
721,342
993,891
166,316
118,933
207,264
804,117
36,813
416,379
540,723
16,488
212,179
940,138
38,394
500,555
123,835
752,45
277,303
529,210
140,626
599,903
247,683
886,126
827,411
789,535
335,519
707,927
389,290
233,164
506,256
854,314
457,92
469,62
710,139
429,792
546,789
525,802
157,397
250,292
656,291
547,466
728,889
433,724
929,369
753,646
611,8
422,618
718,297
387,578
467,745
901,918
152,169
200,856
308,407
870,943
492,572
595,947
680,461
40,763
705,65
663,943
561,777
666,594
419,106
646,113
328,64
441,92
390,136
337,212
244,450
968,597
816,140
392,156
888,465
634,66
969,239
207,786
367,302
948,337
878,107
460,882
705,894
575,367
387,542
436,771
329,281
52,540
158,875
365,752
685,120
708,397
459,967
805,598
859,598
121,642
128,97
569,799
136,575
877,99
758,295
463,647
232,66
663,811
978,417
730,937
32,713
16,743
7,81
658,202
668,130
228,26
577,683
167,361
892,12
59,846
524,24
213,107
751,833
217,643
199,292
275,41
236,914
946,604
363,639
12,311
503,392
417,426
776,556
989,980
212,883
115,168
383,599
38,52
684,198
989,505
261,214
182,294
733,675
449,952
394,537
520,46
204,929
393,376
715,798
297,811
790,90
657,376
538,920
307,972
648,528
855,621
333,217
459,664
829,79
991,783
889,615
979,199
252,918
933,375
551,237
326,627
513,759
543,178
217,334
557,693
825,982
315,516
572,55
869,66
817,602
963,629
841,385
366,515
365,748
778,62
208,784
974,557
466,250
301,812
410,37
382,147
701,284
160,925
602,517
201,408
340,75
92,672
371,147
586,438
292,653
871,225
558,446
6,73
14,890
470,752
75,219
659,602
406,991
288,699
621,693
762,944
144,267
387,808
875,618
896,78
795,227
760,207
378,563
424,42
534,867
354,876
260,318
957,339
787,46
682,85
233,948
167,944
962,324
399,965
506,853
985,385
302,992
977,948
973,567
260,740
523,370
433,153
16,556
538,885
780,630
107,485
105,478
370,686
672,929
689,644
48,173
121,625
956,406
865,586
47,581
183,561
509,188
668,834
863,986
999,789
209,926
415,867
13,552
13,605
723,272
117,892
792,584
198,962
499,218
432,814
935,617
203,363
465,841
50,378
800,297
727,871
762,573
576,74
947,348
672,709
706,154
932,345
592,384
176,203
320,226
857,571
285,857
786,195
505,139
996,576
80,616
905,477
937,528
772,472
639,32
976,841
439,441
219,601
78,593
395,607
264,854
761,568
947,544
512,253
576,71
281,290
369,129
61,667
9,148
321,270
715,267
694,90
353,459
786,212
883,701
944,714
15,424
559,522
125,667
761,716
785,822
566,279
638,497
433,468
567,168
423,676
98,81
997,929
909,710
791,756
830,283
760,243
450,416
402,260
900,614
478,377
333,751
406,745
212,66
341,494
620,655
784,745
62,514
333,801
108,837
522,213
527,686
92,700
362,584
625,393
946,146
238,460
708,921
393,302
228,9
392,405
943,994
256,152
894,578
858,260
693,196
351,329
73,950
429,343
587,607
151,491
637,52
538,403
981,144
215,985
686,131
227,825
380,537
311,592
460,697
547,744
901,326
588,723
740,566
129,42
869,970
299,607
318,82
71,941
992,907
658,265
950,949
64,334
678,808
505,673
25,399
949,920
657,856
21,350
919,251
939,295
681,590
303,449
631,356
790,253
963,546
835,9
891,884
958,244
940,186
543,604
1,981
976,630
436,101
602,413
868,673
65,338
490,606
565,768
736,532
837,541
966,507
717,728
105,474
697,310
594,472
609,595
95,65
83,851
759,602
588,837
396,959
768,132
42,492
850,859
375,444
555,367
597,627
328,176
590,748
102,11
613,104
188,593
93,589
316,2
981,534
976,924
564,791
562,820
705,593
353,547
826,579
131,352
436,716
544,398
352,827
787,779
693,31
344,219
730,884
968,243
104,595
75,121
107,942
202,53
514,430
918,116
913,676
881,937
914,543
674,4
118,679
996,399
758,365
804,834
706,947
424,832
280,990
373,983
672,183
506,295
871,122
955,209
373,626
629,545
49,404
143,6
44,354
614,900
161,628
647,902
269,25
912,168
208,104
785,462
220,249
56,751
843,657
479,909
732,709
874,555
929,534
382,10
479,5
136,577
714,230
238,119
874,38
189,338
385,307
983,305
533,657
913,673
632,764
926,274
934,968
820,494
355,665
393,206
298,468
752,820
576,268
402,129
182,92
814,138
240,474
586,109
520,187
406,481
814,932
37,920
779,807
728,590
686,717
518,975
110,325
1,191
285,669
465,376
477,413
827,622
423,836
989,262
532,951
581,242
318,934
272,650
533,412
795,925
643,853
867,86
339,560
287,755
245,702
13,41
798,366
562,906
737,991
629,686
679,901
144,776
648,984
217,584
152,280
196,41
213,39
366,249
953,535
955,853
717,467
200,568
198,624
617,754
206,433
199,54
726,389
908,65
504,703
427,943
283,735
600,198
615,565
832,868
994,756
166,688
809,417
286,976
72,61
410,327
188,836
527,772
363,869
529,784
876,967
350,914
725,552
458,457
580,373
30,130
479,107
468,653
252,527
17,857
345,445
427,557
438,998
288,522
874,168
458,740
28,716
24,997
35,209
47,215
773,576
137,245
784,799
520,323
46,506
185,518
537,927
937,351
454,122
132,156
906,452
709,466
354,172
52,597
402,559
961,335
181,410
781,206
504,623
562,628
776,774
432,126
562,877
945,26
213,261
962,631
444,395
722,261
329,221
270,192
14,51
968,228
962,757
907,424
686,14
828,275
424,412
939,935
461,276
349,445
142,607
441,787
313,954
946,598
460,358
81,180
273,937
249,901
646,841
49,645
509,220
169,152
796,38
172,508
549,131
751,130
287,186
910,674
113,698
277,623
116,513
314,458
289,21
735,60
963,875
493,272
470,885
385,235
194,178
74,423
718,330
274,82
524,756
412,655
788,107
890,730
147,924
301,477
261,692
218,243
195,615
587,220
132,16
412,552
196,417
6,307
33,913
881,523
